1 0.481250 0.276190 0.050000 0.038095
1 0.781250 0.166667 0.050000 0.038095
1 0.537500 0.161905 0.050000 0.038095
1 0.487500 0.504762 0.050000 0.038095
3 0.025000 0.019048 0.050000 0.038095
3 0.125000 0.019048 0.050000 0.038095
3 0.175000 0.019048 0.050000 0.038095
3 0.225000 0.019048 0.050000 0.038095
3 0.275000 0.019048 0.050000 0.038095
3 0.325000 0.019048 0.050000 0.038095
3 0.375000 0.019048 0.050000 0.038095
3 0.425000 0.019048 0.050000 0.038095
3 0.475000 0.019048 0.050000 0.038095
3 0.525000 0.019048 0.050000 0.038095
3 0.575000 0.019048 0.050000 0.038095
3 0.675000 0.019048 0.050000 0.038095
3 0.025000 0.057143 0.050000 0.038095
3 0.075000 0.057143 0.050000 0.038095
3 0.125000 0.057143 0.050000 0.038095
3 0.175000 0.057143 0.050000 0.038095
3 0.225000 0.057143 0.050000 0.038095
3 0.275000 0.057143 0.050000 0.038095
3 0.325000 0.057143 0.050000 0.038095
3 0.375000 0.057143 0.050000 0.038095
3 0.425000 0.057143 0.050000 0.038095
3 0.475000 0.057143 0.050000 0.038095
3 0.525000 0.057143 0.050000 0.038095
3 0.575000 0.057143 0.050000 0.038095
3 0.625000 0.057143 0.050000 0.038095
3 0.675000 0.057143 0.050000 0.038095
3 0.025000 0.095238 0.050000 0.038095
3 0.075000 0.095238 0.050000 0.038095
3 0.125000 0.095238 0.050000 0.038095
3 0.175000 0.095238 0.050000 0.038095
3 0.225000 0.095238 0.050000 0.038095
3 0.275000 0.095238 0.050000 0.038095
3 0.325000 0.095238 0.050000 0.038095
3 0.375000 0.095238 0.050000 0.038095
3 0.425000 0.095238 0.050000 0.038095
3 0.475000 0.095238 0.050000 0.038095
3 0.525000 0.095238 0.050000 0.038095
3 0.575000 0.095238 0.050000 0.038095
3 0.625000 0.095238 0.050000 0.038095
3 0.675000 0.095238 0.050000 0.038095
3 0.025000 0.133333 0.050000 0.038095
3 0.075000 0.133333 0.050000 0.038095
3 0.125000 0.133333 0.050000 0.038095
3 0.175000 0.133333 0.050000 0.038095
3 0.225000 0.133333 0.050000 0.038095
3 0.275000 0.133333 0.050000 0.038095
3 0.375000 0.133333 0.050000 0.038095
3 0.425000 0.133333 0.050000 0.038095
3 0.475000 0.133333 0.050000 0.038095
3 0.525000 0.133333 0.050000 0.038095
3 0.575000 0.133333 0.050000 0.038095
3 0.625000 0.133333 0.050000 0.038095
3 0.675000 0.133333 0.050000 0.038095
3 0.025000 0.171429 0.050000 0.038095
3 0.075000 0.171429 0.050000 0.038095
3 0.125000 0.171429 0.050000 0.038095
3 0.175000 0.171429 0.050000 0.038095
3 0.225000 0.171429 0.050000 0.038095
3 0.275000 0.171429 0.050000 0.038095
3 0.375000 0.171429 0.050000 0.038095
3 0.425000 0.171429 0.050000 0.038095
3 0.475000 0.171429 0.050000 0.038095
3 0.525000 0.171429 0.050000 0.038095
3 0.575000 0.171429 0.050000 0.038095
3 0.625000 0.171429 0.050000 0.038095
3 0.675000 0.171429 0.050000 0.038095
3 0.025000 0.209524 0.050000 0.038095
3 0.075000 0.209524 0.050000 0.038095
3 0.125000 0.209524 0.050000 0.038095
3 0.175000 0.209524 0.050000 0.038095
3 0.225000 0.209524 0.050000 0.038095
3 0.275000 0.209524 0.050000 0.038095
3 0.375000 0.209524 0.050000 0.038095
3 0.425000 0.209524 0.050000 0.038095
3 0.475000 0.209524 0.050000 0.038095
3 0.525000 0.209524 0.050000 0.038095
3 0.575000 0.209524 0.050000 0.038095
3 0.625000 0.209524 0.050000 0.038095
3 0.675000 0.209524 0.050000 0.038095
3 0.025000 0.247619 0.050000 0.038095
3 0.075000 0.247619 0.050000 0.038095
3 0.125000 0.247619 0.050000 0.038095
3 0.175000 0.247619 0.050000 0.038095
3 0.225000 0.247619 0.050000 0.038095
3 0.275000 0.247619 0.050000 0.038095
3 0.475000 0.247619 0.050000 0.038095
3 0.525000 0.247619 0.050000 0.038095
3 0.575000 0.247619 0.050000 0.038095
3 0.625000 0.247619 0.050000 0.038095
3 0.675000 0.247619 0.050000 0.038095
3 0.025000 0.285714 0.050000 0.038095
3 0.075000 0.285714 0.050000 0.038095
3 0.125000 0.285714 0.050000 0.038095
3 0.175000 0.285714 0.050000 0.038095
3 0.225000 0.285714 0.050000 0.038095
3 0.525000 0.285714 0.050000 0.038095
3 0.575000 0.285714 0.050000 0.038095
3 0.625000 0.285714 0.050000 0.038095
3 0.675000 0.285714 0.050000 0.038095
3 0.025000 0.323810 0.050000 0.038095
3 0.075000 0.323810 0.050000 0.038095
3 0.125000 0.323810 0.050000 0.038095
3 0.175000 0.323810 0.050000 0.038095
3 0.225000 0.323810 0.050000 0.038095
3 0.475000 0.323810 0.050000 0.038095
3 0.525000 0.323810 0.050000 0.038095
3 0.575000 0.323810 0.050000 0.038095
3 0.625000 0.323810 0.050000 0.038095
3 0.675000 0.323810 0.050000 0.038095
3 0.025000 0.361905 0.050000 0.038095
3 0.075000 0.361905 0.050000 0.038095
3 0.125000 0.361905 0.050000 0.038095
3 0.175000 0.361905 0.050000 0.038095
3 0.225000 0.361905 0.050000 0.038095
3 0.425000 0.361905 0.050000 0.038095
3 0.475000 0.361905 0.050000 0.038095
3 0.525000 0.361905 0.050000 0.038095
3 0.575000 0.361905 0.050000 0.038095
3 0.625000 0.361905 0.050000 0.038095
3 0.675000 0.361905 0.050000 0.038095
3 0.025000 0.400000 0.050000 0.038095
3 0.075000 0.400000 0.050000 0.038095
3 0.125000 0.400000 0.050000 0.038095
3 0.175000 0.400000 0.050000 0.038095
3 0.225000 0.400000 0.050000 0.038095
3 0.425000 0.400000 0.050000 0.038095
3 0.475000 0.400000 0.050000 0.038095
3 0.525000 0.400000 0.050000 0.038095
3 0.575000 0.400000 0.050000 0.038095
3 0.625000 0.400000 0.050000 0.038095
3 0.675000 0.400000 0.050000 0.038095
3 0.025000 0.438095 0.050000 0.038095
3 0.075000 0.438095 0.050000 0.038095
3 0.125000 0.438095 0.050000 0.038095
3 0.175000 0.438095 0.050000 0.038095
3 0.225000 0.438095 0.050000 0.038095
3 0.275000 0.438095 0.050000 0.038095
3 0.325000 0.438095 0.050000 0.038095
3 0.375000 0.438095 0.050000 0.038095
3 0.425000 0.438095 0.050000 0.038095
3 0.475000 0.438095 0.050000 0.038095
3 0.525000 0.438095 0.050000 0.038095
3 0.575000 0.438095 0.050000 0.038095
3 0.625000 0.438095 0.050000 0.038095
3 0.675000 0.438095 0.050000 0.038095
3 0.025000 0.476190 0.050000 0.038095
3 0.075000 0.476190 0.050000 0.038095
3 0.125000 0.476190 0.050000 0.038095
3 0.175000 0.476190 0.050000 0.038095
3 0.225000 0.476190 0.050000 0.038095
3 0.275000 0.476190 0.050000 0.038095
3 0.325000 0.476190 0.050000 0.038095
3 0.375000 0.476190 0.050000 0.038095
3 0.425000 0.476190 0.050000 0.038095
3 0.475000 0.476190 0.050000 0.038095
3 0.525000 0.476190 0.050000 0.038095
3 0.575000 0.476190 0.050000 0.038095
3 0.625000 0.476190 0.050000 0.038095
3 0.675000 0.476190 0.050000 0.038095
3 0.025000 0.514286 0.050000 0.038095
3 0.075000 0.514286 0.050000 0.038095
3 0.125000 0.514286 0.050000 0.038095
3 0.175000 0.514286 0.050000 0.038095
3 0.225000 0.514286 0.050000 0.038095
3 0.275000 0.514286 0.050000 0.038095
3 0.325000 0.514286 0.050000 0.038095
3 0.375000 0.514286 0.050000 0.038095
3 0.425000 0.514286 0.050000 0.038095
3 0.475000 0.514286 0.050000 0.038095
3 0.525000 0.514286 0.050000 0.038095
3 0.575000 0.514286 0.050000 0.038095
3 0.625000 0.514286 0.050000 0.038095
3 0.675000 0.514286 0.050000 0.038095
3 0.025000 0.552381 0.050000 0.038095
3 0.075000 0.552381 0.050000 0.038095
3 0.125000 0.552381 0.050000 0.038095
3 0.175000 0.552381 0.050000 0.038095
3 0.225000 0.552381 0.050000 0.038095
3 0.275000 0.552381 0.050000 0.038095
3 0.325000 0.552381 0.050000 0.038095
3 0.375000 0.552381 0.050000 0.038095
3 0.425000 0.552381 0.050000 0.038095
3 0.475000 0.552381 0.050000 0.038095
3 0.525000 0.552381 0.050000 0.038095
3 0.575000 0.552381 0.050000 0.038095
3 0.625000 0.552381 0.050000 0.038095
3 0.675000 0.552381 0.050000 0.038095
3 0.025000 0.590476 0.050000 0.038095
3 0.075000 0.590476 0.050000 0.038095
3 0.125000 0.590476 0.050000 0.038095
3 0.175000 0.590476 0.050000 0.038095
3 0.225000 0.590476 0.050000 0.038095
3 0.275000 0.590476 0.050000 0.038095
3 0.325000 0.590476 0.050000 0.038095
3 0.375000 0.590476 0.050000 0.038095
3 0.425000 0.590476 0.050000 0.038095
3 0.475000 0.590476 0.050000 0.038095
3 0.525000 0.590476 0.050000 0.038095
3 0.575000 0.590476 0.050000 0.038095
3 0.625000 0.590476 0.050000 0.038095
3 0.675000 0.590476 0.050000 0.038095
3 0.025000 0.628571 0.050000 0.038095
3 0.075000 0.628571 0.050000 0.038095
3 0.125000 0.628571 0.050000 0.038095
3 0.175000 0.628571 0.050000 0.038095
3 0.225000 0.628571 0.050000 0.038095
3 0.275000 0.628571 0.050000 0.038095
3 0.325000 0.628571 0.050000 0.038095
3 0.375000 0.628571 0.050000 0.038095
3 0.425000 0.628571 0.050000 0.038095
3 0.475000 0.628571 0.050000 0.038095
3 0.525000 0.628571 0.050000 0.038095
3 0.575000 0.628571 0.050000 0.038095
3 0.625000 0.628571 0.050000 0.038095
3 0.675000 0.628571 0.050000 0.038095
3 0.025000 0.666667 0.050000 0.038095
3 0.125000 0.666667 0.050000 0.038095
3 0.175000 0.666667 0.050000 0.038095
3 0.225000 0.666667 0.050000 0.038095
3 0.275000 0.666667 0.050000 0.038095
3 0.325000 0.666667 0.050000 0.038095
3 0.375000 0.666667 0.050000 0.038095
3 0.425000 0.666667 0.050000 0.038095
3 0.475000 0.666667 0.050000 0.038095
3 0.525000 0.666667 0.050000 0.038095
3 0.575000 0.666667 0.050000 0.038095
3 0.675000 0.666667 0.050000 0.038095