1 0.206250 0.238095 0.050000 0.038095
1 0.493750 0.376190 0.050000 0.038095
1 0.493750 0.376190 0.050000 0.038095
1 0.437500 0.276190 0.050000 0.038095
0 0.312500 0.530952 0.062500 0.023810
3 0.937500 0.790476 0.025000 0.009524
3 0.887500 0.790476 0.025000 0.009524
3 0.837500 0.790476 0.025000 0.009524
3 0.787500 0.790476 0.025000 0.009524
3 0.737500 0.790476 0.025000 0.009524
3 0.687500 0.790476 0.025000 0.009524
3 0.637500 0.790476 0.025000 0.009524
3 0.587500 0.790476 0.025000 0.009524
3 0.537500 0.790476 0.025000 0.009524
3 0.475000 0.790476 0.050000 0.009524
3 0.412500 0.790476 0.025000 0.009524
3 0.362500 0.790476 0.025000 0.009524
3 0.312500 0.790476 0.025000 0.009524
3 0.262500 0.790476 0.025000 0.009524
3 0.212500 0.790476 0.025000 0.009524
3 0.162500 0.790476 0.025000 0.009524
3 0.112500 0.790476 0.025000 0.009524
3 0.062500 0.790476 0.025000 0.009524
3 0.787500 0.733333 0.025000 0.009524
3 0.587500 0.733333 0.025000 0.009524
3 0.412500 0.733333 0.025000 0.009524
3 0.212500 0.733333 0.025000 0.009524
3 0.937500 0.676190 0.025000 0.009524
3 0.787500 0.676190 0.025000 0.009524
3 0.687500 0.676190 0.025000 0.009524
3 0.637500 0.676190 0.025000 0.009524
3 0.587500 0.676190 0.025000 0.009524
3 0.412500 0.676190 0.025000 0.009524
3 0.362500 0.676190 0.025000 0.009524
3 0.312500 0.676190 0.025000 0.009524
3 0.212500 0.676190 0.025000 0.009524
3 0.062500 0.676190 0.025000 0.009524
3 0.937500 0.619048 0.025000 0.009524
3 0.887500 0.619048 0.025000 0.009524
3 0.837500 0.619048 0.025000 0.009524
3 0.787500 0.619048 0.025000 0.009524
3 0.687500 0.619048 0.025000 0.009524
3 0.587500 0.619048 0.025000 0.009524
3 0.537500 0.619048 0.025000 0.009524
3 0.475000 0.619048 0.050000 0.009524
3 0.412500 0.619048 0.025000 0.009524
3 0.312500 0.619048 0.025000 0.009524
3 0.212500 0.619048 0.025000 0.009524
3 0.162500 0.619048 0.025000 0.009524
3 0.112500 0.619048 0.025000 0.009524
3 0.062500 0.619048 0.025000 0.009524
3 0.887500 0.561905 0.025000 0.009524
3 0.787500 0.561905 0.025000 0.009524
3 0.687500 0.561905 0.025000 0.009524
3 0.587500 0.561905 0.025000 0.009524
3 0.412500 0.561905 0.025000 0.009524
3 0.312500 0.561905 0.025000 0.009524
3 0.212500 0.561905 0.025000 0.009524
3 0.112500 0.561905 0.025000 0.009524
3 0.937500 0.504762 0.025000 0.009524
3 0.887500 0.504762 0.025000 0.009524
3 0.787500 0.504762 0.025000 0.009524
3 0.737500 0.504762 0.025000 0.009524
3 0.687500 0.504762 0.025000 0.009524
3 0.637500 0.504762 0.025000 0.009524
3 0.587500 0.504762 0.025000 0.009524
3 0.537500 0.504762 0.025000 0.009524
3 0.262500 0.504762 0.025000 0.009524
3 0.212500 0.504762 0.025000 0.009524
3 0.112500 0.504762 0.025000 0.009524
3 0.062500 0.504762 0.025000 0.009524
3 0.887500 0.447619 0.025000 0.009524
3 0.637500 0.447619 0.025000 0.009524
3 0.362500 0.447619 0.025000 0.009524
3 0.112500 0.447619 0.025000 0.009524
3 0.887500 0.390476 0.025000 0.009524
3 0.837500 0.390476 0.025000 0.009524
3 0.787500 0.390476 0.025000 0.009524
3 0.737500 0.390476 0.025000 0.009524
3 0.687500 0.390476 0.025000 0.009524
3 0.637500 0.390476 0.025000 0.009524
3 0.362500 0.390476 0.025000 0.009524
3 0.312500 0.390476 0.025000 0.009524
3 0.262500 0.390476 0.025000 0.009524
3 0.212500 0.390476 0.025000 0.009524
3 0.162500 0.390476 0.025000 0.009524
3 0.112500 0.390476 0.025000 0.009524
3 0.887500 0.333333 0.025000 0.009524
3 0.637500 0.333333 0.025000 0.009524
3 0.362500 0.333333 0.025000 0.009524
3 0.112500 0.333333 0.025000 0.009524
3 0.937500 0.276190 0.025000 0.009524
3 0.887500 0.276190 0.025000 0.009524
3 0.787500 0.276190 0.025000 0.009524
3 0.737500 0.276190 0.025000 0.009524
3 0.687500 0.276190 0.025000 0.009524
3 0.637500 0.276190 0.025000 0.009524
3 0.587500 0.276190 0.025000 0.009524
3 0.537500 0.276190 0.025000 0.009524
3 0.475000 0.276190 0.050000 0.009524
3 0.409375 0.276190 0.018750 0.009524
3 0.362500 0.276190 0.025000 0.009524
3 0.312500 0.276190 0.025000 0.009524
3 0.262500 0.276190 0.025000 0.009524
3 0.212500 0.276190 0.025000 0.009524
3 0.112500 0.276190 0.025000 0.009524
3 0.062500 0.276190 0.025000 0.009524
3 0.887500 0.219048 0.025000 0.009524
3 0.787500 0.219048 0.025000 0.009524
3 0.637500 0.219048 0.025000 0.009524
3 0.362500 0.219048 0.025000 0.009524
3 0.212500 0.219048 0.025000 0.009524
3 0.112500 0.219048 0.025000 0.009524
3 0.937500 0.161905 0.025000 0.009524
3 0.887500 0.161905 0.025000 0.009524
3 0.837500 0.161905 0.025000 0.009524
3 0.787500 0.161905 0.025000 0.009524
3 0.737500 0.161905 0.025000 0.009524
3 0.687500 0.161905 0.025000 0.009524
3 0.637500 0.161905 0.025000 0.009524
3 0.587500 0.161905 0.025000 0.009524
3 0.537500 0.161905 0.025000 0.009524
3 0.475000 0.161905 0.050000 0.009524
3 0.412500 0.161905 0.025000 0.009524
3 0.362500 0.161905 0.025000 0.009524
3 0.312500 0.161905 0.025000 0.009524
3 0.262500 0.161905 0.025000 0.009524
3 0.212500 0.161905 0.025000 0.009524
3 0.162500 0.161905 0.025000 0.009524
3 0.112500 0.161905 0.025000 0.009524
3 0.062500 0.161905 0.025000 0.009524
3 0.787500 0.104762 0.025000 0.009524
3 0.687500 0.104762 0.025000 0.009524
3 0.312500 0.104762 0.025000 0.009524
3 0.212500 0.104762 0.025000 0.009524
3 0.937500 0.047619 0.025000 0.009524
3 0.887500 0.047619 0.025000 0.009524
3 0.837500 0.047619 0.025000 0.009524
3 0.787500 0.047619 0.025000 0.009524
3 0.687500 0.047619 0.025000 0.009524
3 0.637500 0.047619 0.025000 0.009524
3 0.587500 0.047619 0.025000 0.009524
3 0.537500 0.047619 0.025000 0.009524
3 0.475000 0.047619 0.050000 0.009524
3 0.412500 0.047619 0.025000 0.009524
3 0.362500 0.047619 0.025000 0.009524
3 0.312500 0.047619 0.025000 0.009524
3 0.212500 0.047619 0.025000 0.009524
3 0.162500 0.047619 0.025000 0.009524
3 0.112500 0.047619 0.025000 0.009524
3 0.062500 0.047619 0.025000 0.009524