0 0.256250 0.497619 0.100000 0.042857
5 -2.868750 0.759524 0.050000 0.033333
5 -2.668750 0.759524 0.050000 0.033333
5 -2.468750 0.759524 0.050000 0.033333
5 -0.918750 0.759524 0.050000 0.033333
5 -0.718750 0.759524 0.050000 0.033333
5 -0.518750 0.759524 0.050000 0.033333
5 1.000000 0.759524 0.050000 0.033333
5 1.000000 0.759524 0.050000 0.033333
5 1.000000 0.759524 0.050000 0.033333
5 1.000000 0.759524 0.050000 0.033333
5 1.000000 0.759524 0.050000 0.033333
5 1.000000 0.759524 0.050000 0.033333
5 1.000000 0.471429 0.050000 0.028571
5 1.000000 0.614286 0.050000 0.028571
5 -2.618750 0.614286 0.050000 0.028571
5 -0.575000 0.614286 0.050000 0.028571
5 1.000000 0.471429 0.050000 0.028571
5 0.943750 0.614286 0.050000 0.028571
5 1.000000 0.335714 0.050000 0.042857
5 -2.793750 0.335714 0.050000 0.042857
5 -2.700000 0.478571 0.050000 0.042857
5 -0.512500 0.335714 0.050000 0.042857
5 -0.893750 0.478571 0.050000 0.042857
5 1.000000 0.335714 0.050000 0.042857