0 0.606250 0.288095 0.100000 0.042857
5 1.000000 0.759524 0.050000 0.033333
5 -2.556250 0.759524 0.050000 0.033333
5 -0.606250 0.759524 0.050000 0.033333
5 -0.406250 0.759524 0.050000 0.033333
5 -0.206250 0.759524 0.050000 0.033333
5 1.000000 0.759524 0.050000 0.033333
5 1.000000 0.471429 0.050000 0.028571
5 1.000000 0.614286 0.050000 0.028571
5 1.000000 0.614286 0.050000 0.028571
5 -2.212500 0.614286 0.050000 0.028571
5 -0.162500 0.595238 0.050000 0.028571
5 1.000000 0.335714 0.050000 0.042857
5 1.000000 0.335714 0.050000 0.042857
5 1.000000 0.478571 0.050000 0.042857
5 -2.150000 0.335714 0.050000 0.042857
5 -2.531250 0.478571 0.050000 0.042857
5 -0.106250 0.340476 0.050000 0.042857
1 1.000000 0.226190 0.012500 0.004762
1 1.000000 0.692857 0.012500 0.004762
1 1.000000 0.697619 0.012500 0.004762
1 -2.087500 0.330952 0.012500 0.004762
1 1.000000 0.526190 0.012500 0.004762
1 -2.062500 0.621429 0.012500 0.004762
0 -0.112500 0.278571 0.500000 0.004762