0 0.237500 0.450000 0.100000 0.042857
5 0.512500 0.759524 0.050000 0.033333
5 0.712500 0.759524 0.050000 0.033333
5 0.912500 0.759524 0.050000 0.033333
5 1.000000 0.759524 0.050000 0.033333
5 1.000000 0.759524 0.050000 0.033333
5 1.000000 0.471429 0.050000 0.028571
5 1.000000 0.614286 0.050000 0.028571
5 0.425000 0.609524 0.050000 0.028571
5 1.000000 0.335714 0.050000 0.042857
5 0.625000 0.302381 0.050000 0.042857
6 1.000000 0.283333 0.012500 0.004762
6 1.000000 0.607143 0.012500 0.004762
6 1.000000 0.611905 0.012500 0.004762
6 0.675000 0.383333 0.012500 0.004762
2 0.537500 0.459524 0.500000 0.004762