0 0.325000 0.511905 0.100000 0.042857
5 0.893750 0.759524 0.050000 0.033333
5 1.000000 0.759524 0.050000 0.033333
5 1.000000 0.759524 0.050000 0.033333
5 1.000000 0.759524 0.050000 0.033333
5 1.000000 0.759524 0.050000 0.033333
5 1.000000 0.759524 0.050000 0.033333
5 1.000000 0.471429 0.050000 0.028571
5 1.000000 0.614286 0.050000 0.028571
5 1.000000 0.457143 0.050000 0.028571
5 1.000000 0.600000 0.050000 0.028571
5 1.000000 0.335714 0.050000 0.042857
5 1.000000 0.350000 0.050000 0.042857
6 1.000000 0.269048 0.012500 0.004762
6 1.000000 0.650000 0.012500 0.004762
6 1.000000 0.654762 0.012500 0.004762