0 0.425000 0.464286 0.100000 0.042857
5 1.000000 0.759524 0.050000 0.033333
5 -1.875000 0.759524 0.050000 0.033333
5 0.068750 0.759524 0.050000 0.033333
5 0.268750 0.759524 0.050000 0.033333
5 0.468750 0.759524 0.050000 0.033333
5 1.000000 0.759524 0.050000 0.033333
5 1.000000 0.759524 0.050000 0.033333
5 1.000000 0.471429 0.050000 0.028571
5 1.000000 0.614286 0.050000 0.028571
5 1.000000 0.614286 0.050000 0.028571
5 -1.531250 0.614286 0.050000 0.028571
5 -0.006250 0.628571 0.050000 0.028571
5 1.000000 0.335714 0.050000 0.042857
5 1.000000 0.335714 0.050000 0.042857
5 1.000000 0.478571 0.050000 0.042857
5 -1.468750 0.335714 0.050000 0.042857
5 -1.850000 0.478571 0.050000 0.042857
5 0.493750 0.321429 0.050000 0.042857
1 -1.468750 0.350000 0.012500 0.004762
1 1.000000 0.321429 0.012500 0.004762
1 1.000000 0.326190 0.012500 0.004762
0 -0.043750 0.454762 0.500000 0.004762