0 0.487500 0.464286 0.100000 0.042857
5 0.625000 0.759524 0.050000 0.033333
5 0.825000 0.759524 0.050000 0.033333
5 1.000000 0.759524 0.050000 0.033333
5 1.000000 0.759524 0.050000 0.033333
5 1.000000 0.759524 0.050000 0.033333
5 1.000000 0.614286 0.050000 0.028571
5 0.675000 0.580952 0.050000 0.028571
5 1.000000 0.335714 0.050000 0.042857
5 1.000000 0.478571 0.050000 0.042857
5 0.631250 0.302381 0.050000 0.042857
6 1.000000 0.407143 0.012500 0.004762
6 0.781250 0.607143 0.012500 0.004762
6 0.781250 0.230952 0.012500 0.004762
2 0.962500 0.473810 0.500000 0.004762