0 0.443750 0.450000 0.100000 0.042857
5 0.912500 0.759524 0.050000 0.033333
5 1.000000 0.759524 0.050000 0.033333
5 1.000000 0.759524 0.050000 0.033333
5 1.000000 0.759524 0.050000 0.033333
5 1.000000 0.759524 0.050000 0.033333
5 1.000000 0.759524 0.050000 0.033333
5 1.000000 0.614286 0.050000 0.028571
5 1.000000 0.580952 0.050000 0.028571
5 1.000000 0.335714 0.050000 0.042857
5 1.000000 0.478571 0.050000 0.042857
5 1.000000 0.369048 0.050000 0.042857
5 1.000000 0.478571 0.050000 0.042857
6 1.000000 0.750000 0.012500 0.004762
6 1.000000 0.764286 0.012500 0.004762
2 0.743750 0.464286 0.500000 0.004762