0 0.206250 0.473810 0.100000 0.042857
5 1.000000 0.759524 0.050000 0.033333
5 0.218750 0.759524 0.050000 0.033333
5 0.418750 0.759524 0.050000 0.033333
5 1.000000 0.759524 0.050000 0.033333
5 1.000000 0.759524 0.050000 0.033333
5 1.000000 0.471429 0.050000 0.028571
5 1.000000 0.614286 0.050000 0.028571
5 0.581250 0.580952 0.050000 0.028571
5 1.000000 0.335714 0.050000 0.042857
5 1.000000 0.335714 0.050000 0.042857
5 1.000000 0.478571 0.050000 0.042857
1 1.000000 0.740476 0.012500 0.004762
1 1.000000 0.411905 0.012500 0.004762
1 0.718750 0.535714 0.012500 0.004762
1 0.718750 0.540476 0.012500 0.004762
0 1.000000 0.521429 0.500000 0.004762