0 0.231250 0.535714 0.100000 0.042857
5 0.900000 0.759524 0.050000 0.033333
5 1.000000 0.759524 0.050000 0.033333
5 1.000000 0.759524 0.050000 0.033333
5 1.000000 0.759524 0.050000 0.033333
5 1.000000 0.759524 0.050000 0.033333
5 1.000000 0.759524 0.050000 0.033333
5 1.000000 0.614286 0.050000 0.028571
5 1.000000 0.647619 0.050000 0.028571
5 1.000000 0.335714 0.050000 0.042857
5 1.000000 0.478571 0.050000 0.042857
5 1.000000 0.335714 0.050000 0.042857
5 1.000000 0.445238 0.050000 0.042857
6 1.000000 0.316667 0.012500 0.004762
6 1.000000 0.254762 0.012500 0.004762
6 1.000000 0.259524 0.012500 0.004762