0 0.718750 0.378571 0.100000 0.042857
5 1.000000 0.759524 0.050000 0.033333
5 1.000000 0.759524 0.050000 0.033333
5 1.000000 0.471429 0.050000 0.028571
5 1.000000 0.614286 0.050000 0.028571
5 1.000000 0.614286 0.050000 0.028571
5 1.000000 0.335714 0.050000 0.042857
5 1.000000 0.335714 0.050000 0.042857
5 1.000000 0.478571 0.050000 0.042857
1 1.000000 0.378571 0.012500 0.004762
1 1.000000 0.259524 0.012500 0.004762
1 1.000000 0.264286 0.012500 0.004762
1 1.000000 0.740476 0.012500 0.004762
0 1.000000 0.383333 0.500000 0.004762