0 0.384375 0.909524 0.043750 0.047619
1 0.256250 0.276190 0.050000 0.047619
1 0.456250 0.276190 0.050000 0.047619
1 0.556250 0.276190 0.050000 0.047619
1 0.656250 0.276190 0.050000 0.047619
1 0.756250 0.276190 0.050000 0.047619
1 0.356250 0.361905 0.050000 0.047619
1 0.456250 0.361905 0.050000 0.047619
1 0.556250 0.361905 0.050000 0.047619
1 0.656250 0.361905 0.050000 0.047619
1 0.756250 0.361905 0.050000 0.047619
1 0.356250 0.447619 0.050000 0.047619
1 0.456250 0.447619 0.050000 0.047619
1 0.556250 0.447619 0.050000 0.047619
1 0.656250 0.447619 0.050000 0.047619
1 0.756250 0.447619 0.050000 0.047619
1 0.556250 0.533333 0.050000 0.047619
1 0.656250 0.533333 0.050000 0.047619
1 0.756250 0.533333 0.050000 0.047619
1 0.556250 0.619048 0.050000 0.047619
1 0.656250 0.619048 0.050000 0.047619
1 0.756250 0.619048 0.050000 0.047619
1 0.556250 0.704762 0.050000 0.047619
1 0.656250 0.704762 0.050000 0.047619
1 0.756250 0.704762 0.050000 0.047619
2 0.384375 0.695238 0.006250 0.047619
6 0.640625 0.966667 0.006250 0.047619
5 0.665625 0.076190 0.043750 0.038095