0 0.490625 0.909524 0.043750 0.047619
1 0.231250 0.323810 0.050000 0.047619
1 0.431250 0.323810 0.050000 0.047619
1 0.531250 0.323810 0.050000 0.047619
1 0.631250 0.323810 0.050000 0.047619
1 0.731250 0.323810 0.050000 0.047619
1 0.431250 0.409524 0.050000 0.047619
1 0.531250 0.409524 0.050000 0.047619
1 0.631250 0.409524 0.050000 0.047619
1 0.731250 0.409524 0.050000 0.047619
1 0.431250 0.495238 0.050000 0.047619
1 0.531250 0.495238 0.050000 0.047619
1 0.631250 0.495238 0.050000 0.047619
1 0.731250 0.495238 0.050000 0.047619
1 0.431250 0.580952 0.050000 0.047619
1 0.531250 0.580952 0.050000 0.047619
1 0.631250 0.580952 0.050000 0.047619
1 0.731250 0.580952 0.050000 0.047619
1 0.531250 0.666667 0.050000 0.047619
1 0.631250 0.666667 0.050000 0.047619
1 0.731250 0.666667 0.050000 0.047619
1 0.531250 0.752381 0.050000 0.047619
1 0.631250 0.752381 0.050000 0.047619
1 0.731250 0.752381 0.050000 0.047619
2 0.471875 0.676190 0.006250 0.047619
6 0.440625 0.847619 0.006250 0.047619
5 0.665625 0.076190 0.043750 0.038095