0 0.240625 0.909524 0.043750 0.047619
1 0.218750 0.180952 0.050000 0.047619
1 0.318750 0.180952 0.050000 0.047619
1 0.418750 0.180952 0.050000 0.047619
1 0.518750 0.180952 0.050000 0.047619
1 0.618750 0.180952 0.050000 0.047619
1 0.718750 0.180952 0.050000 0.047619
1 0.218750 0.266667 0.050000 0.047619
1 0.318750 0.266667 0.050000 0.047619
1 0.418750 0.266667 0.050000 0.047619
1 0.518750 0.266667 0.050000 0.047619
1 0.618750 0.266667 0.050000 0.047619
1 0.718750 0.266667 0.050000 0.047619
1 0.218750 0.352381 0.050000 0.047619
1 0.318750 0.352381 0.050000 0.047619
1 0.418750 0.352381 0.050000 0.047619
1 0.518750 0.352381 0.050000 0.047619
1 0.618750 0.352381 0.050000 0.047619
1 0.718750 0.352381 0.050000 0.047619
1 0.318750 0.438095 0.050000 0.047619
1 0.418750 0.438095 0.050000 0.047619
1 0.518750 0.438095 0.050000 0.047619
1 0.618750 0.438095 0.050000 0.047619
1 0.718750 0.438095 0.050000 0.047619
1 0.218750 0.523810 0.050000 0.047619
1 0.318750 0.523810 0.050000 0.047619
1 0.418750 0.523810 0.050000 0.047619
1 0.518750 0.523810 0.050000 0.047619
1 0.618750 0.523810 0.050000 0.047619
1 0.718750 0.523810 0.050000 0.047619
1 0.418750 0.609524 0.050000 0.047619
1 0.518750 0.609524 0.050000 0.047619
1 0.618750 0.609524 0.050000 0.047619
1 0.718750 0.609524 0.050000 0.047619
2 0.259375 0.804762 0.006250 0.047619
6 0.215625 0.600000 0.006250 0.047619