0 0.634375 0.909524 0.043750 0.047619
1 0.275000 0.276190 0.050000 0.047619
1 0.375000 0.276190 0.050000 0.047619
1 0.475000 0.276190 0.050000 0.047619
1 0.575000 0.276190 0.050000 0.047619
1 0.675000 0.276190 0.050000 0.047619
1 0.775000 0.276190 0.050000 0.047619
1 0.275000 0.361905 0.050000 0.047619
1 0.375000 0.361905 0.050000 0.047619
1 0.475000 0.361905 0.050000 0.047619
1 0.575000 0.361905 0.050000 0.047619
1 0.275000 0.447619 0.050000 0.047619
1 0.375000 0.447619 0.050000 0.047619
1 0.475000 0.447619 0.050000 0.047619
1 0.575000 0.447619 0.050000 0.047619
1 0.775000 0.447619 0.050000 0.047619
1 0.275000 0.533333 0.050000 0.047619
1 0.375000 0.533333 0.050000 0.047619
1 0.475000 0.533333 0.050000 0.047619
1 0.575000 0.533333 0.050000 0.047619
1 0.775000 0.533333 0.050000 0.047619
1 0.275000 0.619048 0.050000 0.047619
1 0.375000 0.619048 0.050000 0.047619
1 0.475000 0.619048 0.050000 0.047619
1 0.575000 0.619048 0.050000 0.047619
1 0.275000 0.704762 0.050000 0.047619
1 0.475000 0.704762 0.050000 0.047619
1 0.575000 0.704762 0.050000 0.047619
2 0.646875 0.828571 0.006250 0.047619
5 0.578125 0.076190 0.043750 0.038095