0 0.584375 0.909524 0.043750 0.047619
1 0.212500 0.371429 0.050000 0.047619
1 0.412500 0.371429 0.050000 0.047619
1 0.512500 0.371429 0.050000 0.047619
1 0.612500 0.371429 0.050000 0.047619
1 0.712500 0.371429 0.050000 0.047619
1 0.412500 0.457143 0.050000 0.047619
1 0.512500 0.457143 0.050000 0.047619
1 0.612500 0.457143 0.050000 0.047619
1 0.712500 0.457143 0.050000 0.047619
1 0.412500 0.542857 0.050000 0.047619
1 0.512500 0.542857 0.050000 0.047619
1 0.612500 0.542857 0.050000 0.047619
1 0.712500 0.542857 0.050000 0.047619
1 0.412500 0.628571 0.050000 0.047619
1 0.512500 0.628571 0.050000 0.047619
1 0.612500 0.628571 0.050000 0.047619
1 0.712500 0.628571 0.050000 0.047619
1 0.612500 0.714286 0.050000 0.047619
1 0.712500 0.714286 0.050000 0.047619
1 0.612500 0.800000 0.050000 0.047619
1 0.712500 0.800000 0.050000 0.047619
2 0.521875 0.076190 0.006250 0.047619
6 0.384375 0.990476 0.006250 0.047619
6 0.403125 0.704762 0.006250 0.047619
5 0.165625 0.076190 0.043750 0.038095