0 0.628125 0.909524 0.043750 0.047619
1 0.243750 0.276190 0.050000 0.047619
1 0.343750 0.276190 0.050000 0.047619
1 0.443750 0.276190 0.050000 0.047619
1 0.543750 0.276190 0.050000 0.047619
1 0.643750 0.276190 0.050000 0.047619
1 0.743750 0.276190 0.050000 0.047619
1 0.243750 0.361905 0.050000 0.047619
1 0.343750 0.361905 0.050000 0.047619
1 0.443750 0.361905 0.050000 0.047619
1 0.543750 0.361905 0.050000 0.047619
1 0.243750 0.447619 0.050000 0.047619
1 0.343750 0.447619 0.050000 0.047619
1 0.443750 0.447619 0.050000 0.047619
1 0.543750 0.447619 0.050000 0.047619
1 0.643750 0.447619 0.050000 0.047619
1 0.743750 0.447619 0.050000 0.047619
1 0.243750 0.533333 0.050000 0.047619
1 0.343750 0.533333 0.050000 0.047619
1 0.443750 0.533333 0.050000 0.047619
1 0.543750 0.533333 0.050000 0.047619
1 0.643750 0.533333 0.050000 0.047619
1 0.743750 0.533333 0.050000 0.047619
1 0.243750 0.619048 0.050000 0.047619
1 0.343750 0.619048 0.050000 0.047619
1 0.443750 0.619048 0.050000 0.047619
1 0.543750 0.619048 0.050000 0.047619
1 0.243750 0.704762 0.050000 0.047619
1 0.443750 0.704762 0.050000 0.047619
1 0.543750 0.704762 0.050000 0.047619
2 0.646875 0.795238 0.006250 0.047619
6 0.440625 0.766667 0.006250 0.047619
5 0.328125 0.076190 0.043750 0.038095