0 0.390625 0.909524 0.043750 0.047619
1 0.262500 0.323810 0.050000 0.047619
1 0.462500 0.323810 0.050000 0.047619
1 0.562500 0.323810 0.050000 0.047619
1 0.662500 0.323810 0.050000 0.047619
1 0.762500 0.323810 0.050000 0.047619
1 0.462500 0.409524 0.050000 0.047619
1 0.562500 0.409524 0.050000 0.047619
1 0.662500 0.409524 0.050000 0.047619
1 0.762500 0.409524 0.050000 0.047619
1 0.462500 0.495238 0.050000 0.047619
1 0.562500 0.495238 0.050000 0.047619
1 0.662500 0.495238 0.050000 0.047619
1 0.762500 0.495238 0.050000 0.047619
1 0.462500 0.580952 0.050000 0.047619
1 0.562500 0.580952 0.050000 0.047619
1 0.662500 0.580952 0.050000 0.047619
1 0.762500 0.580952 0.050000 0.047619
1 0.562500 0.666667 0.050000 0.047619
1 0.662500 0.666667 0.050000 0.047619
1 0.762500 0.666667 0.050000 0.047619
1 0.562500 0.752381 0.050000 0.047619
1 0.662500 0.752381 0.050000 0.047619
1 0.762500 0.752381 0.050000 0.047619
2 0.365625 0.595238 0.006250 0.047619
6 0.271875 0.685714 0.006250 0.047619
6 0.765625 0.828571 0.006250 0.047619
5 0.915625 0.076190 0.043750 0.038095