0 0.321875 0.909524 0.043750 0.047619
1 0.281250 0.228571 0.050000 0.047619
1 0.381250 0.228571 0.050000 0.047619
1 0.481250 0.228571 0.050000 0.047619
1 0.581250 0.228571 0.050000 0.047619
1 0.681250 0.228571 0.050000 0.047619
1 0.781250 0.228571 0.050000 0.047619
1 0.381250 0.314286 0.050000 0.047619
1 0.481250 0.314286 0.050000 0.047619
1 0.581250 0.314286 0.050000 0.047619
1 0.681250 0.314286 0.050000 0.047619
1 0.781250 0.314286 0.050000 0.047619
1 0.381250 0.400000 0.050000 0.047619
1 0.481250 0.400000 0.050000 0.047619
1 0.581250 0.400000 0.050000 0.047619
1 0.681250 0.400000 0.050000 0.047619
1 0.781250 0.400000 0.050000 0.047619
1 0.381250 0.485714 0.050000 0.047619
1 0.481250 0.485714 0.050000 0.047619
1 0.581250 0.485714 0.050000 0.047619
1 0.681250 0.485714 0.050000 0.047619
1 0.781250 0.485714 0.050000 0.047619
1 0.381250 0.571429 0.050000 0.047619
1 0.481250 0.571429 0.050000 0.047619
1 0.581250 0.571429 0.050000 0.047619
1 0.681250 0.571429 0.050000 0.047619
1 0.781250 0.571429 0.050000 0.047619
1 0.381250 0.657143 0.050000 0.047619
1 0.481250 0.657143 0.050000 0.047619
1 0.581250 0.657143 0.050000 0.047619
1 0.681250 0.657143 0.050000 0.047619
1 0.781250 0.657143 0.050000 0.047619
2 0.334375 0.633333 0.006250 0.047619
6 0.790625 0.919048 0.006250 0.047619
5 0.390625 0.076190 0.043750 0.038095