0 0.378125 0.909524 0.043750 0.047619
1 0.293750 0.323810 0.050000 0.047619
1 0.493750 0.323810 0.050000 0.047619
1 0.593750 0.323810 0.050000 0.047619
1 0.693750 0.323810 0.050000 0.047619
1 0.793750 0.323810 0.050000 0.047619
1 0.493750 0.409524 0.050000 0.047619
1 0.593750 0.409524 0.050000 0.047619
1 0.693750 0.409524 0.050000 0.047619
1 0.793750 0.409524 0.050000 0.047619
1 0.493750 0.495238 0.050000 0.047619
1 0.593750 0.495238 0.050000 0.047619
1 0.693750 0.495238 0.050000 0.047619
1 0.793750 0.495238 0.050000 0.047619
1 0.493750 0.580952 0.050000 0.047619
1 0.593750 0.580952 0.050000 0.047619
1 0.693750 0.580952 0.050000 0.047619
1 0.793750 0.580952 0.050000 0.047619
1 0.593750 0.666667 0.050000 0.047619
1 0.693750 0.666667 0.050000 0.047619
1 0.793750 0.666667 0.050000 0.047619
1 0.593750 0.752381 0.050000 0.047619
1 0.693750 0.752381 0.050000 0.047619
1 0.793750 0.752381 0.050000 0.047619
2 0.421875 0.514286 0.006250 0.047619
6 0.496875 0.752381 0.006250 0.047619