0 0.359375 0.909524 0.043750 0.047619
1 0.306250 0.228571 0.050000 0.047619
1 0.406250 0.228571 0.050000 0.047619
1 0.506250 0.228571 0.050000 0.047619
1 0.606250 0.228571 0.050000 0.047619
1 0.706250 0.228571 0.050000 0.047619
1 0.806250 0.228571 0.050000 0.047619
1 0.306250 0.314286 0.050000 0.047619
1 0.406250 0.314286 0.050000 0.047619
1 0.506250 0.314286 0.050000 0.047619
1 0.606250 0.314286 0.050000 0.047619
1 0.706250 0.314286 0.050000 0.047619
1 0.806250 0.314286 0.050000 0.047619
1 0.306250 0.400000 0.050000 0.047619
1 0.406250 0.400000 0.050000 0.047619
1 0.506250 0.400000 0.050000 0.047619
1 0.606250 0.400000 0.050000 0.047619
1 0.706250 0.400000 0.050000 0.047619
1 0.806250 0.400000 0.050000 0.047619
1 0.306250 0.485714 0.050000 0.047619
1 0.406250 0.485714 0.050000 0.047619
1 0.506250 0.485714 0.050000 0.047619
1 0.606250 0.485714 0.050000 0.047619
1 0.706250 0.485714 0.050000 0.047619
1 0.806250 0.485714 0.050000 0.047619
1 0.306250 0.571429 0.050000 0.047619
1 0.406250 0.571429 0.050000 0.047619
1 0.506250 0.571429 0.050000 0.047619
1 0.606250 0.571429 0.050000 0.047619
1 0.706250 0.571429 0.050000 0.047619
1 0.806250 0.571429 0.050000 0.047619
1 0.306250 0.657143 0.050000 0.047619
1 0.506250 0.657143 0.050000 0.047619
1 0.606250 0.657143 0.050000 0.047619
1 0.706250 0.657143 0.050000 0.047619
1 0.806250 0.657143 0.050000 0.047619
2 0.440625 0.542857 0.006250 0.047619
6 0.615625 0.909524 0.006250 0.047619
5 0.853125 0.076190 0.043750 0.038095