0 0.259375 0.909524 0.043750 0.047619
1 0.193750 0.276190 0.050000 0.047619
1 0.293750 0.276190 0.050000 0.047619
1 0.393750 0.276190 0.050000 0.047619
1 0.493750 0.276190 0.050000 0.047619
1 0.593750 0.276190 0.050000 0.047619
1 0.693750 0.276190 0.050000 0.047619
1 0.393750 0.361905 0.050000 0.047619
1 0.493750 0.361905 0.050000 0.047619
1 0.593750 0.361905 0.050000 0.047619
1 0.693750 0.361905 0.050000 0.047619
1 0.393750 0.447619 0.050000 0.047619
1 0.493750 0.447619 0.050000 0.047619
1 0.593750 0.447619 0.050000 0.047619
1 0.693750 0.447619 0.050000 0.047619
1 0.393750 0.533333 0.050000 0.047619
1 0.493750 0.533333 0.050000 0.047619
1 0.593750 0.533333 0.050000 0.047619
1 0.693750 0.533333 0.050000 0.047619
1 0.393750 0.619048 0.050000 0.047619
1 0.493750 0.619048 0.050000 0.047619
1 0.593750 0.619048 0.050000 0.047619
1 0.693750 0.619048 0.050000 0.047619
1 0.393750 0.704762 0.050000 0.047619
1 0.493750 0.704762 0.050000 0.047619
1 0.593750 0.704762 0.050000 0.047619
1 0.693750 0.704762 0.050000 0.047619
2 0.271875 0.738095 0.006250 0.047619