0 0.321875 0.909524 0.043750 0.047619
1 0.287500 0.180952 0.050000 0.047619
1 0.387500 0.180952 0.050000 0.047619
1 0.487500 0.180952 0.050000 0.047619
1 0.587500 0.180952 0.050000 0.047619
1 0.687500 0.180952 0.050000 0.047619
1 0.787500 0.180952 0.050000 0.047619
1 0.387500 0.266667 0.050000 0.047619
1 0.487500 0.266667 0.050000 0.047619
1 0.587500 0.266667 0.050000 0.047619
1 0.687500 0.266667 0.050000 0.047619
1 0.787500 0.266667 0.050000 0.047619
1 0.287500 0.352381 0.050000 0.047619
1 0.387500 0.352381 0.050000 0.047619
1 0.487500 0.352381 0.050000 0.047619
1 0.587500 0.352381 0.050000 0.047619
1 0.687500 0.352381 0.050000 0.047619
1 0.787500 0.352381 0.050000 0.047619
1 0.287500 0.438095 0.050000 0.047619
1 0.387500 0.438095 0.050000 0.047619
1 0.487500 0.438095 0.050000 0.047619
1 0.587500 0.438095 0.050000 0.047619
1 0.687500 0.438095 0.050000 0.047619
1 0.787500 0.438095 0.050000 0.047619
1 0.287500 0.523810 0.050000 0.047619
1 0.387500 0.523810 0.050000 0.047619
1 0.487500 0.523810 0.050000 0.047619
1 0.587500 0.523810 0.050000 0.047619
1 0.687500 0.523810 0.050000 0.047619
1 0.787500 0.523810 0.050000 0.047619
1 0.387500 0.609524 0.050000 0.047619
1 0.487500 0.609524 0.050000 0.047619
1 0.587500 0.609524 0.050000 0.047619
1 0.687500 0.609524 0.050000 0.047619
1 0.787500 0.609524 0.050000 0.047619
1 0.371875 0.947619 0.006250 0.047619
1 0.584375 0.661905 0.006250 0.047619