0 0.253125 0.909524 0.043750 0.047619
1 0.225000 0.180952 0.050000 0.047619
1 0.325000 0.180952 0.050000 0.047619
1 0.425000 0.180952 0.050000 0.047619
1 0.525000 0.180952 0.050000 0.047619
1 0.625000 0.180952 0.050000 0.047619
1 0.725000 0.180952 0.050000 0.047619
1 0.225000 0.266667 0.050000 0.047619
1 0.325000 0.266667 0.050000 0.047619
1 0.425000 0.266667 0.050000 0.047619
1 0.525000 0.266667 0.050000 0.047619
1 0.625000 0.266667 0.050000 0.047619
1 0.725000 0.266667 0.050000 0.047619
1 0.225000 0.352381 0.050000 0.047619
1 0.325000 0.352381 0.050000 0.047619
1 0.425000 0.352381 0.050000 0.047619
1 0.525000 0.352381 0.050000 0.047619
1 0.625000 0.352381 0.050000 0.047619
1 0.725000 0.352381 0.050000 0.047619
1 0.225000 0.438095 0.050000 0.047619
1 0.325000 0.438095 0.050000 0.047619
1 0.425000 0.438095 0.050000 0.047619
1 0.525000 0.438095 0.050000 0.047619
1 0.625000 0.438095 0.050000 0.047619
1 0.725000 0.438095 0.050000 0.047619
1 0.225000 0.523810 0.050000 0.047619
1 0.325000 0.523810 0.050000 0.047619
1 0.425000 0.523810 0.050000 0.047619
1 0.525000 0.523810 0.050000 0.047619
1 0.625000 0.523810 0.050000 0.047619
1 0.725000 0.523810 0.050000 0.047619
1 0.225000 0.609524 0.050000 0.047619
1 0.325000 0.609524 0.050000 0.047619
1 0.425000 0.609524 0.050000 0.047619
1 0.525000 0.609524 0.050000 0.047619
1 0.625000 0.609524 0.050000 0.047619
1 0.725000 0.609524 0.050000 0.047619
2 0.271875 0.847619 0.006250 0.047619
6 0.715625 0.761905 0.006250 0.047619