0 0.365625 0.909524 0.043750 0.047619
1 0.256250 0.180952 0.050000 0.047619
1 0.356250 0.180952 0.050000 0.047619
1 0.456250 0.180952 0.050000 0.047619
1 0.556250 0.180952 0.050000 0.047619
1 0.756250 0.180952 0.050000 0.047619
1 0.256250 0.266667 0.050000 0.047619
1 0.356250 0.266667 0.050000 0.047619
1 0.456250 0.266667 0.050000 0.047619
1 0.556250 0.266667 0.050000 0.047619
1 0.256250 0.352381 0.050000 0.047619
1 0.356250 0.352381 0.050000 0.047619
1 0.456250 0.352381 0.050000 0.047619
1 0.556250 0.352381 0.050000 0.047619
1 0.756250 0.352381 0.050000 0.047619
1 0.256250 0.438095 0.050000 0.047619
1 0.456250 0.438095 0.050000 0.047619
1 0.556250 0.438095 0.050000 0.047619
1 0.756250 0.438095 0.050000 0.047619
1 0.256250 0.523810 0.050000 0.047619
1 0.456250 0.523810 0.050000 0.047619
1 0.556250 0.523810 0.050000 0.047619
1 0.256250 0.609524 0.050000 0.047619
1 0.456250 0.609524 0.050000 0.047619
1 0.556250 0.609524 0.050000 0.047619
0 0.353125 0.628571 0.006250 0.047619
1 0.740625 0.790476 0.006250 0.047619
1 0.453125 0.676190 0.006250 0.047619