0 0.415625 0.909524 0.043750 0.047619
1 0.293750 0.228571 0.050000 0.047619
1 0.393750 0.228571 0.050000 0.047619
1 0.493750 0.228571 0.050000 0.047619
1 0.593750 0.228571 0.050000 0.047619
1 0.693750 0.228571 0.050000 0.047619
1 0.793750 0.228571 0.050000 0.047619
1 0.293750 0.314286 0.050000 0.047619
1 0.393750 0.314286 0.050000 0.047619
1 0.493750 0.314286 0.050000 0.047619
1 0.593750 0.314286 0.050000 0.047619
1 0.693750 0.314286 0.050000 0.047619
1 0.793750 0.314286 0.050000 0.047619
1 0.293750 0.400000 0.050000 0.047619
1 0.393750 0.400000 0.050000 0.047619
1 0.493750 0.400000 0.050000 0.047619
1 0.593750 0.400000 0.050000 0.047619
1 0.693750 0.400000 0.050000 0.047619
1 0.793750 0.400000 0.050000 0.047619
1 0.293750 0.485714 0.050000 0.047619
1 0.393750 0.485714 0.050000 0.047619
1 0.493750 0.485714 0.050000 0.047619
1 0.593750 0.485714 0.050000 0.047619
1 0.693750 0.485714 0.050000 0.047619
1 0.793750 0.485714 0.050000 0.047619
1 0.293750 0.571429 0.050000 0.047619
1 0.393750 0.571429 0.050000 0.047619
1 0.493750 0.571429 0.050000 0.047619
1 0.593750 0.571429 0.050000 0.047619
1 0.693750 0.571429 0.050000 0.047619
1 0.793750 0.571429 0.050000 0.047619
1 0.293750 0.657143 0.050000 0.047619
1 0.493750 0.657143 0.050000 0.047619
1 0.593750 0.657143 0.050000 0.047619
1 0.693750 0.657143 0.050000 0.047619
1 0.793750 0.657143 0.050000 0.047619
2 0.440625 0.161905 0.006250 0.047619
6 0.390625 0.633333 0.006250 0.047619
5 0.728125 0.076190 0.043750 0.038095