0 0.365625 0.909524 0.043750 0.047619
1 0.237500 0.276190 0.050000 0.047619
1 0.337500 0.276190 0.050000 0.047619
1 0.437500 0.276190 0.050000 0.047619
1 0.537500 0.276190 0.050000 0.047619
1 0.637500 0.276190 0.050000 0.047619
1 0.737500 0.276190 0.050000 0.047619
1 0.437500 0.361905 0.050000 0.047619
1 0.537500 0.361905 0.050000 0.047619
1 0.637500 0.361905 0.050000 0.047619
1 0.737500 0.361905 0.050000 0.047619
1 0.437500 0.447619 0.050000 0.047619
1 0.537500 0.447619 0.050000 0.047619
1 0.637500 0.447619 0.050000 0.047619
1 0.737500 0.447619 0.050000 0.047619
1 0.437500 0.533333 0.050000 0.047619
1 0.537500 0.533333 0.050000 0.047619
1 0.637500 0.533333 0.050000 0.047619
1 0.737500 0.533333 0.050000 0.047619
1 0.437500 0.619048 0.050000 0.047619
1 0.537500 0.619048 0.050000 0.047619
1 0.637500 0.619048 0.050000 0.047619
1 0.737500 0.619048 0.050000 0.047619
1 0.437500 0.704762 0.050000 0.047619
1 0.537500 0.704762 0.050000 0.047619
1 0.637500 0.704762 0.050000 0.047619
1 0.737500 0.704762 0.050000 0.047619
2 0.321875 0.438095 0.006250 0.047619
6 0.528125 0.876190 0.006250 0.047619
5 0.265625 0.076190 0.043750 0.038095