0 0.384375 0.909524 0.043750 0.047619
1 0.306250 0.180952 0.050000 0.047619
1 0.406250 0.180952 0.050000 0.047619
1 0.506250 0.180952 0.050000 0.047619
1 0.606250 0.180952 0.050000 0.047619
1 0.706250 0.180952 0.050000 0.047619
1 0.806250 0.180952 0.050000 0.047619
1 0.406250 0.266667 0.050000 0.047619
1 0.506250 0.266667 0.050000 0.047619
1 0.606250 0.266667 0.050000 0.047619
1 0.706250 0.266667 0.050000 0.047619
1 0.806250 0.266667 0.050000 0.047619
1 0.306250 0.352381 0.050000 0.047619
1 0.406250 0.352381 0.050000 0.047619
1 0.506250 0.352381 0.050000 0.047619
1 0.606250 0.352381 0.050000 0.047619
1 0.706250 0.352381 0.050000 0.047619
1 0.806250 0.352381 0.050000 0.047619
1 0.306250 0.438095 0.050000 0.047619
1 0.406250 0.438095 0.050000 0.047619
1 0.506250 0.438095 0.050000 0.047619
1 0.606250 0.438095 0.050000 0.047619
1 0.706250 0.438095 0.050000 0.047619
1 0.806250 0.438095 0.050000 0.047619
1 0.306250 0.523810 0.050000 0.047619
1 0.406250 0.523810 0.050000 0.047619
1 0.506250 0.523810 0.050000 0.047619
1 0.606250 0.523810 0.050000 0.047619
1 0.706250 0.523810 0.050000 0.047619
1 0.806250 0.523810 0.050000 0.047619
1 0.406250 0.609524 0.050000 0.047619
1 0.506250 0.609524 0.050000 0.047619
1 0.606250 0.609524 0.050000 0.047619
1 0.706250 0.609524 0.050000 0.047619
1 0.806250 0.609524 0.050000 0.047619
2 0.328125 0.523810 0.006250 0.047619
6 0.396875 0.757143 0.006250 0.047619