0 0.234375 0.909524 0.043750 0.047619
1 0.200000 0.180952 0.050000 0.047619
1 0.300000 0.180952 0.050000 0.047619
1 0.400000 0.180952 0.050000 0.047619
1 0.500000 0.180952 0.050000 0.047619
1 0.700000 0.180952 0.050000 0.047619
1 0.200000 0.266667 0.050000 0.047619
1 0.300000 0.266667 0.050000 0.047619
1 0.400000 0.266667 0.050000 0.047619
1 0.500000 0.266667 0.050000 0.047619
1 0.200000 0.352381 0.050000 0.047619
1 0.300000 0.352381 0.050000 0.047619
1 0.400000 0.352381 0.050000 0.047619
1 0.500000 0.352381 0.050000 0.047619
1 0.700000 0.352381 0.050000 0.047619
1 0.200000 0.438095 0.050000 0.047619
1 0.300000 0.438095 0.050000 0.047619
1 0.400000 0.438095 0.050000 0.047619
1 0.500000 0.438095 0.050000 0.047619
1 0.700000 0.438095 0.050000 0.047619
1 0.200000 0.523810 0.050000 0.047619
1 0.300000 0.523810 0.050000 0.047619
1 0.400000 0.523810 0.050000 0.047619
1 0.500000 0.523810 0.050000 0.047619
1 0.200000 0.609524 0.050000 0.047619
1 0.400000 0.609524 0.050000 0.047619
1 0.500000 0.609524 0.050000 0.047619
2 0.246875 0.161905 0.006250 0.047619
6 0.290625 0.700000 0.006250 0.047619