0 0.384375 0.909524 0.043750 0.047619
1 0.287500 0.276190 0.050000 0.047619
1 0.487500 0.276190 0.050000 0.047619
1 0.587500 0.276190 0.050000 0.047619
1 0.687500 0.276190 0.050000 0.047619
1 0.787500 0.276190 0.050000 0.047619
1 0.487500 0.361905 0.050000 0.047619
1 0.587500 0.361905 0.050000 0.047619
1 0.687500 0.361905 0.050000 0.047619
1 0.787500 0.361905 0.050000 0.047619
1 0.487500 0.447619 0.050000 0.047619
1 0.587500 0.447619 0.050000 0.047619
1 0.687500 0.447619 0.050000 0.047619
1 0.787500 0.447619 0.050000 0.047619
1 0.487500 0.533333 0.050000 0.047619
1 0.587500 0.533333 0.050000 0.047619
1 0.687500 0.533333 0.050000 0.047619
1 0.787500 0.533333 0.050000 0.047619
1 0.587500 0.619048 0.050000 0.047619
1 0.687500 0.619048 0.050000 0.047619
1 0.787500 0.619048 0.050000 0.047619
1 0.587500 0.704762 0.050000 0.047619
1 0.687500 0.704762 0.050000 0.047619
1 0.787500 0.704762 0.050000 0.047619
2 0.434375 0.233333 0.006250 0.047619
6 0.578125 0.876190 0.006250 0.047619
5 0.640625 0.076190 0.043750 0.038095