0 0.321875 0.909524 0.043750 0.047619
1 0.175000 0.228571 0.050000 0.047619
1 0.275000 0.228571 0.050000 0.047619
1 0.375000 0.228571 0.050000 0.047619
1 0.475000 0.228571 0.050000 0.047619
1 0.575000 0.228571 0.050000 0.047619
1 0.675000 0.228571 0.050000 0.047619
1 0.375000 0.314286 0.050000 0.047619
1 0.475000 0.314286 0.050000 0.047619
1 0.575000 0.314286 0.050000 0.047619
1 0.675000 0.314286 0.050000 0.047619
1 0.375000 0.400000 0.050000 0.047619
1 0.475000 0.400000 0.050000 0.047619
1 0.575000 0.400000 0.050000 0.047619
1 0.675000 0.400000 0.050000 0.047619
1 0.375000 0.485714 0.050000 0.047619
1 0.475000 0.485714 0.050000 0.047619
1 0.575000 0.485714 0.050000 0.047619
1 0.675000 0.485714 0.050000 0.047619
1 0.375000 0.571429 0.050000 0.047619
1 0.475000 0.571429 0.050000 0.047619
1 0.575000 0.571429 0.050000 0.047619
1 0.675000 0.571429 0.050000 0.047619
1 0.375000 0.657143 0.050000 0.047619
1 0.475000 0.657143 0.050000 0.047619
1 0.575000 0.657143 0.050000 0.047619
1 0.675000 0.657143 0.050000 0.047619
2 0.315625 0.276190 0.006250 0.047619
6 0.196875 0.876190 0.006250 0.047619
6 0.671875 0.733333 0.006250 0.047619