0 0.384375 0.909524 0.043750 0.047619
1 0.300000 0.276190 0.050000 0.047619
1 0.500000 0.276190 0.050000 0.047619
1 0.600000 0.276190 0.050000 0.047619
1 0.700000 0.276190 0.050000 0.047619
1 0.800000 0.276190 0.050000 0.047619
1 0.500000 0.361905 0.050000 0.047619
1 0.600000 0.361905 0.050000 0.047619
1 0.700000 0.361905 0.050000 0.047619
1 0.800000 0.361905 0.050000 0.047619
1 0.500000 0.447619 0.050000 0.047619
1 0.600000 0.447619 0.050000 0.047619
1 0.700000 0.447619 0.050000 0.047619
1 0.800000 0.447619 0.050000 0.047619
1 0.500000 0.533333 0.050000 0.047619
1 0.600000 0.533333 0.050000 0.047619
1 0.700000 0.533333 0.050000 0.047619
1 0.800000 0.533333 0.050000 0.047619
1 0.600000 0.619048 0.050000 0.047619
1 0.700000 0.619048 0.050000 0.047619
1 0.800000 0.619048 0.050000 0.047619
1 0.600000 0.704762 0.050000 0.047619
1 0.700000 0.704762 0.050000 0.047619
1 0.800000 0.704762 0.050000 0.047619
2 0.371875 0.714286 0.006250 0.047619
6 0.290625 0.542857 0.006250 0.047619
5 0.765625 0.076190 0.043750 0.038095