0 0.553125 0.909524 0.043750 0.047619
1 0.181250 0.371429 0.050000 0.047619
1 0.381250 0.371429 0.050000 0.047619
1 0.481250 0.371429 0.050000 0.047619
1 0.581250 0.371429 0.050000 0.047619
1 0.681250 0.371429 0.050000 0.047619
1 0.381250 0.457143 0.050000 0.047619
1 0.481250 0.457143 0.050000 0.047619
1 0.581250 0.457143 0.050000 0.047619
1 0.681250 0.457143 0.050000 0.047619
1 0.381250 0.542857 0.050000 0.047619
1 0.481250 0.542857 0.050000 0.047619
1 0.581250 0.542857 0.050000 0.047619
1 0.681250 0.542857 0.050000 0.047619
1 0.381250 0.628571 0.050000 0.047619
1 0.481250 0.628571 0.050000 0.047619
1 0.581250 0.628571 0.050000 0.047619
1 0.681250 0.628571 0.050000 0.047619
1 0.581250 0.714286 0.050000 0.047619
1 0.681250 0.714286 0.050000 0.047619
1 0.581250 0.800000 0.050000 0.047619
1 0.681250 0.800000 0.050000 0.047619
2 0.521875 0.457143 0.006250 0.047619
6 0.684375 1.000000 0.006250 0.047619
5 0.290625 0.076190 0.043750 0.038095