0 0.290625 0.909524 0.043750 0.047619
1 0.268750 0.228571 0.050000 0.047619
1 0.368750 0.228571 0.050000 0.047619
1 0.468750 0.228571 0.050000 0.047619
1 0.568750 0.228571 0.050000 0.047619
1 0.668750 0.228571 0.050000 0.047619
1 0.768750 0.228571 0.050000 0.047619
1 0.368750 0.314286 0.050000 0.047619
1 0.468750 0.314286 0.050000 0.047619
1 0.568750 0.314286 0.050000 0.047619
1 0.668750 0.314286 0.050000 0.047619
1 0.768750 0.314286 0.050000 0.047619
1 0.368750 0.400000 0.050000 0.047619
1 0.468750 0.400000 0.050000 0.047619
1 0.568750 0.400000 0.050000 0.047619
1 0.668750 0.400000 0.050000 0.047619
1 0.768750 0.400000 0.050000 0.047619
1 0.368750 0.485714 0.050000 0.047619
1 0.468750 0.485714 0.050000 0.047619
1 0.568750 0.485714 0.050000 0.047619
1 0.668750 0.485714 0.050000 0.047619
1 0.768750 0.485714 0.050000 0.047619
1 0.368750 0.571429 0.050000 0.047619
1 0.468750 0.571429 0.050000 0.047619
1 0.568750 0.571429 0.050000 0.047619
1 0.668750 0.571429 0.050000 0.047619
1 0.768750 0.571429 0.050000 0.047619
1 0.468750 0.657143 0.050000 0.047619
1 0.568750 0.657143 0.050000 0.047619
1 0.668750 0.657143 0.050000 0.047619
1 0.768750 0.657143 0.050000 0.047619
2 0.334375 0.380952 0.006250 0.047619
6 0.365625 0.647619 0.006250 0.047619
6 0.578125 1.000000 0.006250 0.047619
5 0.515625 0.076190 0.043750 0.038095