0 0.421875 0.909524 0.043750 0.047619
1 0.250000 0.323810 0.050000 0.047619
1 0.450000 0.323810 0.050000 0.047619
1 0.550000 0.323810 0.050000 0.047619
1 0.650000 0.323810 0.050000 0.047619
1 0.750000 0.323810 0.050000 0.047619
1 0.450000 0.409524 0.050000 0.047619
1 0.550000 0.409524 0.050000 0.047619
1 0.650000 0.409524 0.050000 0.047619
1 0.750000 0.409524 0.050000 0.047619
1 0.450000 0.495238 0.050000 0.047619
1 0.550000 0.495238 0.050000 0.047619
1 0.650000 0.495238 0.050000 0.047619
1 0.750000 0.495238 0.050000 0.047619
1 0.450000 0.580952 0.050000 0.047619
1 0.550000 0.580952 0.050000 0.047619
1 0.650000 0.580952 0.050000 0.047619
1 0.750000 0.580952 0.050000 0.047619
1 0.550000 0.666667 0.050000 0.047619
1 0.650000 0.666667 0.050000 0.047619
1 0.750000 0.666667 0.050000 0.047619
1 0.550000 0.752381 0.050000 0.047619
1 0.650000 0.752381 0.050000 0.047619
1 0.750000 0.752381 0.050000 0.047619
2 0.365625 0.214286 0.006250 0.047619
6 0.653125 0.923810 0.006250 0.047619
5 0.790625 0.076190 0.043750 0.038095