0 0.240625 0.909524 0.043750 0.047619
1 0.256250 0.180952 0.050000 0.047619
1 0.356250 0.180952 0.050000 0.047619
1 0.456250 0.180952 0.050000 0.047619
1 0.556250 0.180952 0.050000 0.047619
1 0.656250 0.180952 0.050000 0.047619
1 0.756250 0.180952 0.050000 0.047619
1 0.256250 0.266667 0.050000 0.047619
1 0.356250 0.266667 0.050000 0.047619
1 0.456250 0.266667 0.050000 0.047619
1 0.556250 0.266667 0.050000 0.047619
1 0.656250 0.266667 0.050000 0.047619
1 0.756250 0.266667 0.050000 0.047619
1 0.256250 0.352381 0.050000 0.047619
1 0.356250 0.352381 0.050000 0.047619
1 0.456250 0.352381 0.050000 0.047619
1 0.556250 0.352381 0.050000 0.047619
1 0.656250 0.352381 0.050000 0.047619
1 0.756250 0.352381 0.050000 0.047619
1 0.356250 0.438095 0.050000 0.047619
1 0.456250 0.438095 0.050000 0.047619
1 0.556250 0.438095 0.050000 0.047619
1 0.656250 0.438095 0.050000 0.047619
1 0.756250 0.438095 0.050000 0.047619
1 0.256250 0.523810 0.050000 0.047619
1 0.356250 0.523810 0.050000 0.047619
1 0.456250 0.523810 0.050000 0.047619
1 0.556250 0.523810 0.050000 0.047619
1 0.656250 0.523810 0.050000 0.047619
1 0.756250 0.523810 0.050000 0.047619
1 0.256250 0.609524 0.050000 0.047619
1 0.356250 0.609524 0.050000 0.047619
1 0.456250 0.609524 0.050000 0.047619
1 0.556250 0.609524 0.050000 0.047619
1 0.656250 0.609524 0.050000 0.047619
1 0.756250 0.609524 0.050000 0.047619
2 0.253125 0.838095 0.006250 0.047619
6 0.253125 0.666667 0.006250 0.047619
6 0.740625 0.952381 0.006250 0.047619