0 0.259375 0.909524 0.043750 0.047619
1 0.256250 0.180952 0.050000 0.047619
1 0.356250 0.180952 0.050000 0.047619
1 0.456250 0.180952 0.050000 0.047619
1 0.556250 0.180952 0.050000 0.047619
1 0.656250 0.180952 0.050000 0.047619
1 0.756250 0.180952 0.050000 0.047619
1 0.356250 0.266667 0.050000 0.047619
1 0.456250 0.266667 0.050000 0.047619
1 0.556250 0.266667 0.050000 0.047619
1 0.656250 0.266667 0.050000 0.047619
1 0.756250 0.266667 0.050000 0.047619
1 0.256250 0.352381 0.050000 0.047619
1 0.356250 0.352381 0.050000 0.047619
1 0.456250 0.352381 0.050000 0.047619
1 0.556250 0.352381 0.050000 0.047619
1 0.656250 0.352381 0.050000 0.047619
1 0.756250 0.352381 0.050000 0.047619
1 0.256250 0.438095 0.050000 0.047619
1 0.456250 0.438095 0.050000 0.047619
1 0.556250 0.438095 0.050000 0.047619
1 0.656250 0.438095 0.050000 0.047619
1 0.756250 0.438095 0.050000 0.047619
1 0.256250 0.523810 0.050000 0.047619
1 0.356250 0.523810 0.050000 0.047619
1 0.456250 0.523810 0.050000 0.047619
1 0.556250 0.523810 0.050000 0.047619
1 0.656250 0.523810 0.050000 0.047619
1 0.756250 0.523810 0.050000 0.047619
1 0.256250 0.609524 0.050000 0.047619
1 0.456250 0.609524 0.050000 0.047619
1 0.556250 0.609524 0.050000 0.047619
1 0.656250 0.609524 0.050000 0.047619
1 0.756250 0.609524 0.050000 0.047619
2 0.290625 0.828571 0.006250 0.047619
6 0.640625 0.971429 0.006250 0.047619
6 0.653125 0.685714 0.006250 0.047619