0 0.228125 0.909524 0.043750 0.047619
1 0.175000 0.180952 0.050000 0.047619
1 0.375000 0.180952 0.050000 0.047619
1 0.475000 0.180952 0.050000 0.047619
1 0.575000 0.180952 0.050000 0.047619
1 0.675000 0.180952 0.050000 0.047619
1 0.375000 0.266667 0.050000 0.047619
1 0.475000 0.266667 0.050000 0.047619
1 0.575000 0.266667 0.050000 0.047619
1 0.675000 0.266667 0.050000 0.047619
1 0.375000 0.352381 0.050000 0.047619
1 0.475000 0.352381 0.050000 0.047619
1 0.575000 0.352381 0.050000 0.047619
1 0.675000 0.352381 0.050000 0.047619
1 0.375000 0.438095 0.050000 0.047619
1 0.475000 0.438095 0.050000 0.047619
1 0.675000 0.438095 0.050000 0.047619
1 0.675000 0.523810 0.050000 0.047619
1 0.675000 0.609524 0.050000 0.047619