0 0.334375 0.909524 0.043750 0.047619
1 0.268750 0.276190 0.050000 0.047619
1 0.468750 0.276190 0.050000 0.047619
1 0.568750 0.276190 0.050000 0.047619
1 0.668750 0.276190 0.050000 0.047619
1 0.768750 0.276190 0.050000 0.047619
1 0.368750 0.361905 0.050000 0.047619
1 0.468750 0.361905 0.050000 0.047619
1 0.568750 0.361905 0.050000 0.047619
1 0.668750 0.361905 0.050000 0.047619
1 0.768750 0.361905 0.050000 0.047619
1 0.468750 0.447619 0.050000 0.047619
1 0.568750 0.447619 0.050000 0.047619
1 0.668750 0.447619 0.050000 0.047619
1 0.768750 0.447619 0.050000 0.047619
1 0.568750 0.533333 0.050000 0.047619
1 0.668750 0.533333 0.050000 0.047619
1 0.768750 0.533333 0.050000 0.047619
1 0.568750 0.619048 0.050000 0.047619
1 0.668750 0.619048 0.050000 0.047619
1 0.768750 0.619048 0.050000 0.047619
1 0.568750 0.704762 0.050000 0.047619
1 0.668750 0.704762 0.050000 0.047619
1 0.768750 0.704762 0.050000 0.047619
2 0.378125 0.766667 0.006250 0.047619
6 0.253125 0.633333 0.006250 0.047619
6 0.565625 0.776190 0.006250 0.047619
5 0.540625 0.076190 0.043750 0.038095