0 0.253125 0.909524 0.043750 0.047619
1 0.206250 0.276190 0.050000 0.047619
1 0.306250 0.276190 0.050000 0.047619
1 0.406250 0.276190 0.050000 0.047619
1 0.506250 0.276190 0.050000 0.047619
1 0.606250 0.276190 0.050000 0.047619
1 0.706250 0.276190 0.050000 0.047619
1 0.406250 0.361905 0.050000 0.047619
1 0.506250 0.361905 0.050000 0.047619
1 0.606250 0.361905 0.050000 0.047619
1 0.706250 0.361905 0.050000 0.047619
1 0.406250 0.447619 0.050000 0.047619
1 0.506250 0.447619 0.050000 0.047619
1 0.606250 0.447619 0.050000 0.047619
1 0.706250 0.447619 0.050000 0.047619
1 0.406250 0.533333 0.050000 0.047619
1 0.506250 0.533333 0.050000 0.047619
1 0.606250 0.533333 0.050000 0.047619
1 0.706250 0.533333 0.050000 0.047619
1 0.406250 0.619048 0.050000 0.047619
1 0.506250 0.619048 0.050000 0.047619
1 0.606250 0.619048 0.050000 0.047619
1 0.706250 0.619048 0.050000 0.047619
1 0.406250 0.704762 0.050000 0.047619
1 0.506250 0.704762 0.050000 0.047619
1 0.606250 0.704762 0.050000 0.047619
1 0.706250 0.704762 0.050000 0.047619
2 0.271875 0.357143 0.006250 0.047619
6 0.596875 0.971429 0.006250 0.047619