0 0.265625 0.909524 0.043750 0.047619
1 0.193750 0.180952 0.050000 0.047619
1 0.293750 0.180952 0.050000 0.047619
1 0.393750 0.180952 0.050000 0.047619
1 0.493750 0.180952 0.050000 0.047619
1 0.593750 0.180952 0.050000 0.047619
1 0.693750 0.180952 0.050000 0.047619
1 0.193750 0.266667 0.050000 0.047619
1 0.293750 0.266667 0.050000 0.047619
1 0.393750 0.266667 0.050000 0.047619
1 0.493750 0.266667 0.050000 0.047619
1 0.593750 0.266667 0.050000 0.047619
1 0.693750 0.266667 0.050000 0.047619
1 0.193750 0.352381 0.050000 0.047619
1 0.293750 0.352381 0.050000 0.047619
1 0.393750 0.352381 0.050000 0.047619
1 0.493750 0.352381 0.050000 0.047619
1 0.593750 0.352381 0.050000 0.047619
1 0.693750 0.352381 0.050000 0.047619
1 0.193750 0.438095 0.050000 0.047619
1 0.293750 0.438095 0.050000 0.047619
1 0.393750 0.438095 0.050000 0.047619
1 0.493750 0.438095 0.050000 0.047619
1 0.593750 0.438095 0.050000 0.047619
1 0.693750 0.438095 0.050000 0.047619
1 0.193750 0.523810 0.050000 0.047619
1 0.293750 0.523810 0.050000 0.047619
1 0.393750 0.523810 0.050000 0.047619
1 0.493750 0.523810 0.050000 0.047619
1 0.593750 0.523810 0.050000 0.047619
1 0.693750 0.523810 0.050000 0.047619
1 0.193750 0.609524 0.050000 0.047619
1 0.293750 0.609524 0.050000 0.047619
1 0.393750 0.609524 0.050000 0.047619
1 0.493750 0.609524 0.050000 0.047619
1 0.593750 0.609524 0.050000 0.047619
1 0.693750 0.609524 0.050000 0.047619
2 0.246875 0.390476 0.006250 0.047619
6 0.378125 0.857143 0.006250 0.047619