0 0.303125 0.909524 0.043750 0.047619
1 0.425000 0.228571 0.050000 0.047619
1 0.525000 0.228571 0.050000 0.047619
1 0.625000 0.228571 0.050000 0.047619
1 0.725000 0.228571 0.050000 0.047619
1 0.825000 0.228571 0.050000 0.047619
1 0.425000 0.314286 0.050000 0.047619
1 0.525000 0.314286 0.050000 0.047619
1 0.625000 0.314286 0.050000 0.047619
1 0.725000 0.314286 0.050000 0.047619
1 0.825000 0.314286 0.050000 0.047619
1 0.325000 0.400000 0.050000 0.047619
1 0.425000 0.400000 0.050000 0.047619
1 0.525000 0.400000 0.050000 0.047619
1 0.625000 0.400000 0.050000 0.047619
1 0.725000 0.400000 0.050000 0.047619
1 0.825000 0.400000 0.050000 0.047619
1 0.325000 0.485714 0.050000 0.047619
1 0.525000 0.485714 0.050000 0.047619
1 0.625000 0.485714 0.050000 0.047619
1 0.725000 0.485714 0.050000 0.047619
1 0.825000 0.485714 0.050000 0.047619
1 0.425000 0.571429 0.050000 0.047619
1 0.525000 0.571429 0.050000 0.047619
1 0.625000 0.571429 0.050000 0.047619
1 0.725000 0.571429 0.050000 0.047619
1 0.825000 0.571429 0.050000 0.047619
1 0.525000 0.657143 0.050000 0.047619
1 0.625000 0.657143 0.050000 0.047619
1 0.725000 0.657143 0.050000 0.047619
1 0.825000 0.657143 0.050000 0.047619
2 0.259375 0.109524 0.006250 0.047619
6 0.321875 0.561905 0.006250 0.047619
6 0.534375 0.971429 0.006250 0.047619
5 1.000000 0.076190 0.043750 0.038095