0 0.340625 0.909524 0.043750 0.047619
1 0.318750 0.276190 0.050000 0.047619
1 0.518750 0.276190 0.050000 0.047619
1 0.618750 0.276190 0.050000 0.047619
1 0.718750 0.276190 0.050000 0.047619
1 0.818750 0.276190 0.050000 0.047619
1 0.518750 0.361905 0.050000 0.047619
1 0.618750 0.361905 0.050000 0.047619
1 0.718750 0.361905 0.050000 0.047619
1 0.818750 0.361905 0.050000 0.047619
1 0.518750 0.447619 0.050000 0.047619
1 0.618750 0.447619 0.050000 0.047619
1 0.718750 0.447619 0.050000 0.047619
1 0.818750 0.447619 0.050000 0.047619
1 0.518750 0.533333 0.050000 0.047619
1 0.618750 0.533333 0.050000 0.047619
1 0.718750 0.533333 0.050000 0.047619
1 0.818750 0.533333 0.050000 0.047619
1 0.618750 0.619048 0.050000 0.047619
1 0.718750 0.619048 0.050000 0.047619
1 0.818750 0.619048 0.050000 0.047619
1 0.618750 0.704762 0.050000 0.047619
1 0.718750 0.704762 0.050000 0.047619
1 0.818750 0.704762 0.050000 0.047619
2 0.371875 0.333333 0.006250 0.047619
6 0.609375 0.780952 0.006250 0.047619
5 0.890625 0.076190 0.043750 0.038095