0 0.415625 0.909524 0.043750 0.047619
1 0.268750 0.276190 0.050000 0.047619
1 0.468750 0.276190 0.050000 0.047619
1 0.568750 0.276190 0.050000 0.047619
1 0.668750 0.276190 0.050000 0.047619
1 0.768750 0.276190 0.050000 0.047619
1 0.468750 0.361905 0.050000 0.047619
1 0.568750 0.361905 0.050000 0.047619
1 0.668750 0.361905 0.050000 0.047619
1 0.768750 0.361905 0.050000 0.047619
1 0.468750 0.447619 0.050000 0.047619
1 0.568750 0.447619 0.050000 0.047619
1 0.668750 0.447619 0.050000 0.047619
1 0.768750 0.447619 0.050000 0.047619
1 0.468750 0.533333 0.050000 0.047619
1 0.568750 0.533333 0.050000 0.047619
1 0.668750 0.533333 0.050000 0.047619
1 0.768750 0.533333 0.050000 0.047619
1 0.568750 0.619048 0.050000 0.047619
1 0.668750 0.619048 0.050000 0.047619
1 0.768750 0.619048 0.050000 0.047619
1 0.568750 0.704762 0.050000 0.047619
1 0.668750 0.704762 0.050000 0.047619
1 0.768750 0.704762 0.050000 0.047619
2 0.434375 0.614286 0.006250 0.047619
6 0.465625 0.609524 0.006250 0.047619
5 0.515625 0.076190 0.043750 0.038095