0 0.346875 0.909524 0.043750 0.047619
1 0.456250 0.228571 0.050000 0.047619
1 0.556250 0.228571 0.050000 0.047619
1 0.656250 0.228571 0.050000 0.047619
1 0.756250 0.228571 0.050000 0.047619
1 0.456250 0.314286 0.050000 0.047619
1 0.556250 0.314286 0.050000 0.047619
1 0.656250 0.314286 0.050000 0.047619
1 0.756250 0.314286 0.050000 0.047619
1 0.456250 0.400000 0.050000 0.047619
1 0.556250 0.400000 0.050000 0.047619
1 0.656250 0.400000 0.050000 0.047619
1 0.756250 0.400000 0.050000 0.047619
1 0.456250 0.485714 0.050000 0.047619
1 0.556250 0.485714 0.050000 0.047619
1 0.756250 0.485714 0.050000 0.047619
1 0.756250 0.571429 0.050000 0.047619
1 0.756250 0.657143 0.050000 0.047619
2 0.321875 0.633333 0.006250 0.047619
6 0.665625 0.619048 0.006250 0.047619
6 0.590625 0.990476 0.006250 0.047619