0 0.265625 0.909524 0.043750 0.047619
1 0.218750 0.228571 0.050000 0.047619
1 0.318750 0.228571 0.050000 0.047619
1 0.418750 0.228571 0.050000 0.047619
1 0.518750 0.228571 0.050000 0.047619
1 0.618750 0.228571 0.050000 0.047619
1 0.718750 0.228571 0.050000 0.047619
1 0.418750 0.314286 0.050000 0.047619
1 0.518750 0.314286 0.050000 0.047619
1 0.618750 0.314286 0.050000 0.047619
1 0.718750 0.314286 0.050000 0.047619
1 0.318750 0.400000 0.050000 0.047619
1 0.418750 0.400000 0.050000 0.047619
1 0.518750 0.400000 0.050000 0.047619
1 0.618750 0.400000 0.050000 0.047619
1 0.718750 0.400000 0.050000 0.047619
1 0.418750 0.485714 0.050000 0.047619
1 0.518750 0.485714 0.050000 0.047619
1 0.618750 0.485714 0.050000 0.047619
1 0.718750 0.485714 0.050000 0.047619
1 0.318750 0.571429 0.050000 0.047619
1 0.418750 0.571429 0.050000 0.047619
1 0.518750 0.571429 0.050000 0.047619
1 0.618750 0.571429 0.050000 0.047619
1 0.718750 0.571429 0.050000 0.047619
1 0.418750 0.657143 0.050000 0.047619
1 0.518750 0.657143 0.050000 0.047619
1 0.618750 0.657143 0.050000 0.047619
1 0.718750 0.657143 0.050000 0.047619
2 0.303125 0.638095 0.006250 0.047619
6 0.421875 0.733333 0.006250 0.047619
6 0.428125 1.000000 0.006250 0.047619
5 0.890625 0.076190 0.043750 0.038095