0 0.246875 0.909524 0.043750 0.047619
1 0.312500 0.180952 0.050000 0.047619
1 0.412500 0.180952 0.050000 0.047619
1 0.512500 0.180952 0.050000 0.047619
1 0.612500 0.180952 0.050000 0.047619
1 0.712500 0.180952 0.050000 0.047619
1 0.812500 0.180952 0.050000 0.047619
1 0.412500 0.266667 0.050000 0.047619
1 0.512500 0.266667 0.050000 0.047619
1 0.612500 0.266667 0.050000 0.047619
1 0.712500 0.266667 0.050000 0.047619
1 0.812500 0.266667 0.050000 0.047619
1 0.312500 0.352381 0.050000 0.047619
1 0.412500 0.352381 0.050000 0.047619
1 0.512500 0.352381 0.050000 0.047619
1 0.612500 0.352381 0.050000 0.047619
1 0.712500 0.352381 0.050000 0.047619
1 0.812500 0.352381 0.050000 0.047619
1 0.412500 0.438095 0.050000 0.047619
1 0.512500 0.438095 0.050000 0.047619
1 0.612500 0.438095 0.050000 0.047619
1 0.712500 0.438095 0.050000 0.047619
1 0.812500 0.438095 0.050000 0.047619
1 0.412500 0.523810 0.050000 0.047619
1 0.512500 0.523810 0.050000 0.047619
1 0.612500 0.523810 0.050000 0.047619
1 0.712500 0.523810 0.050000 0.047619
1 0.812500 0.523810 0.050000 0.047619
1 0.512500 0.609524 0.050000 0.047619
1 0.612500 0.609524 0.050000 0.047619
1 0.712500 0.609524 0.050000 0.047619
1 0.812500 0.609524 0.050000 0.047619
2 0.321875 0.457143 0.006250 0.047619
6 0.396875 0.885714 0.006250 0.047619
6 0.809375 0.685714 0.006250 0.047619