0 0.259375 0.909524 0.043750 0.047619
1 0.462500 0.180952 0.050000 0.047619
1 0.562500 0.180952 0.050000 0.047619
1 0.662500 0.180952 0.050000 0.047619
1 0.762500 0.180952 0.050000 0.047619
1 0.462500 0.266667 0.050000 0.047619
1 0.562500 0.266667 0.050000 0.047619
1 0.662500 0.266667 0.050000 0.047619
1 0.762500 0.266667 0.050000 0.047619
1 0.462500 0.352381 0.050000 0.047619
1 0.562500 0.352381 0.050000 0.047619
1 0.662500 0.352381 0.050000 0.047619
1 0.762500 0.352381 0.050000 0.047619
1 0.462500 0.438095 0.050000 0.047619
1 0.562500 0.438095 0.050000 0.047619
1 0.762500 0.438095 0.050000 0.047619
1 0.762500 0.523810 0.050000 0.047619
1 0.762500 0.609524 0.050000 0.047619
2 0.259375 0.709524 0.006250 0.047619
6 0.440625 0.752381 0.006250 0.047619