0 0.228125 0.909524 0.043750 0.047619
1 0.268750 0.180952 0.050000 0.047619
1 0.368750 0.180952 0.050000 0.047619
1 0.468750 0.180952 0.050000 0.047619
1 0.568750 0.180952 0.050000 0.047619
1 0.668750 0.180952 0.050000 0.047619
1 0.768750 0.180952 0.050000 0.047619
1 0.368750 0.266667 0.050000 0.047619
1 0.468750 0.266667 0.050000 0.047619
1 0.568750 0.266667 0.050000 0.047619
1 0.668750 0.266667 0.050000 0.047619
1 0.768750 0.266667 0.050000 0.047619
1 0.368750 0.352381 0.050000 0.047619
1 0.468750 0.352381 0.050000 0.047619
1 0.568750 0.352381 0.050000 0.047619
1 0.668750 0.352381 0.050000 0.047619
1 0.768750 0.352381 0.050000 0.047619
1 0.368750 0.438095 0.050000 0.047619
1 0.468750 0.438095 0.050000 0.047619
1 0.568750 0.438095 0.050000 0.047619
1 0.668750 0.438095 0.050000 0.047619
1 0.768750 0.438095 0.050000 0.047619
1 0.268750 0.523810 0.050000 0.047619
1 0.468750 0.523810 0.050000 0.047619
1 0.568750 0.523810 0.050000 0.047619
1 0.668750 0.523810 0.050000 0.047619
1 0.768750 0.523810 0.050000 0.047619
1 0.468750 0.609524 0.050000 0.047619
1 0.568750 0.609524 0.050000 0.047619
1 0.668750 0.609524 0.050000 0.047619
1 0.768750 0.609524 0.050000 0.047619
2 0.246875 0.847619 0.006250 0.047619
6 0.659375 0.776190 0.006250 0.047619