0 0.228125 0.909524 0.043750 0.047619
1 0.187500 0.180952 0.050000 0.047619
1 0.287500 0.180952 0.050000 0.047619
1 0.387500 0.180952 0.050000 0.047619
1 0.487500 0.180952 0.050000 0.047619
1 0.587500 0.180952 0.050000 0.047619
1 0.687500 0.180952 0.050000 0.047619
1 0.187500 0.266667 0.050000 0.047619
1 0.287500 0.266667 0.050000 0.047619
1 0.387500 0.266667 0.050000 0.047619
1 0.487500 0.266667 0.050000 0.047619
1 0.587500 0.266667 0.050000 0.047619
1 0.687500 0.266667 0.050000 0.047619
1 0.187500 0.352381 0.050000 0.047619
1 0.287500 0.352381 0.050000 0.047619
1 0.387500 0.352381 0.050000 0.047619
1 0.487500 0.352381 0.050000 0.047619
1 0.587500 0.352381 0.050000 0.047619
1 0.687500 0.352381 0.050000 0.047619
1 0.287500 0.438095 0.050000 0.047619
1 0.387500 0.438095 0.050000 0.047619
1 0.487500 0.438095 0.050000 0.047619
1 0.587500 0.438095 0.050000 0.047619
1 0.687500 0.438095 0.050000 0.047619
1 0.187500 0.523810 0.050000 0.047619
1 0.287500 0.523810 0.050000 0.047619
1 0.387500 0.523810 0.050000 0.047619
1 0.487500 0.523810 0.050000 0.047619
1 0.587500 0.523810 0.050000 0.047619
1 0.687500 0.523810 0.050000 0.047619
1 0.287500 0.609524 0.050000 0.047619
1 0.387500 0.609524 0.050000 0.047619
1 0.487500 0.609524 0.050000 0.047619
1 0.587500 0.609524 0.050000 0.047619
1 0.687500 0.609524 0.050000 0.047619
2 0.246875 0.452381 0.006250 0.047619
6 0.578125 0.780952 0.006250 0.047619