0 0.353125 0.909524 0.043750 0.047619
1 0.362500 0.228571 0.050000 0.047619
1 0.462500 0.228571 0.050000 0.047619
1 0.562500 0.228571 0.050000 0.047619
1 0.662500 0.228571 0.050000 0.047619
1 0.362500 0.314286 0.050000 0.047619
1 0.462500 0.314286 0.050000 0.047619
1 0.562500 0.314286 0.050000 0.047619
1 0.662500 0.314286 0.050000 0.047619
1 0.362500 0.400000 0.050000 0.047619
1 0.462500 0.400000 0.050000 0.047619
1 0.562500 0.400000 0.050000 0.047619
1 0.662500 0.400000 0.050000 0.047619
1 0.362500 0.485714 0.050000 0.047619
1 0.462500 0.485714 0.050000 0.047619
1 0.662500 0.485714 0.050000 0.047619
1 0.662500 0.571429 0.050000 0.047619
1 0.662500 0.657143 0.050000 0.047619
2 0.321875 0.333333 0.006250 0.047619
6 0.596875 0.904762 0.006250 0.047619