0 0.653125 0.909524 0.043750 0.047619
1 0.337500 0.276190 0.050000 0.047619
1 0.437500 0.276190 0.050000 0.047619
1 0.537500 0.276190 0.050000 0.047619
1 0.637500 0.276190 0.050000 0.047619
1 0.737500 0.276190 0.050000 0.047619
1 0.837500 0.276190 0.050000 0.047619
1 0.337500 0.361905 0.050000 0.047619
1 0.437500 0.361905 0.050000 0.047619
1 0.537500 0.361905 0.050000 0.047619
1 0.637500 0.361905 0.050000 0.047619
1 0.337500 0.447619 0.050000 0.047619
1 0.437500 0.447619 0.050000 0.047619
1 0.537500 0.447619 0.050000 0.047619
1 0.637500 0.447619 0.050000 0.047619
1 0.837500 0.447619 0.050000 0.047619
1 0.337500 0.533333 0.050000 0.047619
1 0.437500 0.533333 0.050000 0.047619
1 0.537500 0.533333 0.050000 0.047619
1 0.637500 0.533333 0.050000 0.047619
1 0.837500 0.533333 0.050000 0.047619
1 0.337500 0.619048 0.050000 0.047619
1 0.437500 0.619048 0.050000 0.047619
1 0.537500 0.619048 0.050000 0.047619
1 0.637500 0.619048 0.050000 0.047619
1 0.337500 0.704762 0.050000 0.047619
1 0.537500 0.704762 0.050000 0.047619
1 0.637500 0.704762 0.050000 0.047619
0 0.759375 0.200000 0.006250 0.047619
1 0.534375 0.766667 0.006250 0.047619