0 0.234375 0.909524 0.043750 0.047619
1 0.331250 0.228571 0.050000 0.047619
1 0.431250 0.228571 0.050000 0.047619
1 0.531250 0.228571 0.050000 0.047619
1 0.631250 0.228571 0.050000 0.047619
1 0.731250 0.228571 0.050000 0.047619
1 0.831250 0.228571 0.050000 0.047619
1 0.431250 0.314286 0.050000 0.047619
1 0.531250 0.314286 0.050000 0.047619
1 0.631250 0.314286 0.050000 0.047619
1 0.731250 0.314286 0.050000 0.047619
1 0.831250 0.314286 0.050000 0.047619
1 0.431250 0.400000 0.050000 0.047619
1 0.531250 0.400000 0.050000 0.047619
1 0.631250 0.400000 0.050000 0.047619
1 0.731250 0.400000 0.050000 0.047619
1 0.831250 0.400000 0.050000 0.047619
1 0.431250 0.485714 0.050000 0.047619
1 0.531250 0.485714 0.050000 0.047619
1 0.631250 0.485714 0.050000 0.047619
1 0.731250 0.485714 0.050000 0.047619
1 0.831250 0.485714 0.050000 0.047619
1 0.431250 0.571429 0.050000 0.047619
1 0.531250 0.571429 0.050000 0.047619
1 0.631250 0.571429 0.050000 0.047619
1 0.731250 0.571429 0.050000 0.047619
1 0.831250 0.571429 0.050000 0.047619
1 0.531250 0.657143 0.050000 0.047619
1 0.631250 0.657143 0.050000 0.047619
1 0.731250 0.657143 0.050000 0.047619
1 0.831250 0.657143 0.050000 0.047619
2 0.259375 0.214286 0.006250 0.047619
6 0.321875 0.733333 0.006250 0.047619
6 0.334375 0.447619 0.006250 0.047619