0 0.671875 0.909524 0.043750 0.047619
1 0.325000 0.371429 0.050000 0.047619
1 0.525000 0.371429 0.050000 0.047619
1 0.625000 0.371429 0.050000 0.047619
1 0.725000 0.371429 0.050000 0.047619
1 0.825000 0.371429 0.050000 0.047619
1 0.525000 0.457143 0.050000 0.047619
1 0.625000 0.457143 0.050000 0.047619
1 0.725000 0.457143 0.050000 0.047619
1 0.825000 0.457143 0.050000 0.047619
1 0.525000 0.542857 0.050000 0.047619
1 0.625000 0.542857 0.050000 0.047619
1 0.725000 0.542857 0.050000 0.047619
1 0.825000 0.542857 0.050000 0.047619
1 0.525000 0.628571 0.050000 0.047619
1 0.625000 0.628571 0.050000 0.047619
1 0.825000 0.628571 0.050000 0.047619
1 0.825000 0.714286 0.050000 0.047619
1 0.825000 0.800000 0.050000 0.047619
2 0.634375 0.719048 0.006250 0.047619