0 0.384375 0.909524 0.043750 0.047619
1 0.218750 0.228571 0.050000 0.047619
1 0.418750 0.228571 0.050000 0.047619
1 0.518750 0.228571 0.050000 0.047619
1 0.618750 0.228571 0.050000 0.047619
1 0.718750 0.228571 0.050000 0.047619
1 0.318750 0.314286 0.050000 0.047619
1 0.418750 0.314286 0.050000 0.047619
1 0.518750 0.314286 0.050000 0.047619
1 0.618750 0.314286 0.050000 0.047619
1 0.718750 0.314286 0.050000 0.047619
1 0.318750 0.400000 0.050000 0.047619
1 0.418750 0.400000 0.050000 0.047619
1 0.518750 0.400000 0.050000 0.047619
1 0.618750 0.400000 0.050000 0.047619
1 0.718750 0.400000 0.050000 0.047619
1 0.318750 0.485714 0.050000 0.047619
1 0.418750 0.485714 0.050000 0.047619
1 0.518750 0.485714 0.050000 0.047619
1 0.618750 0.485714 0.050000 0.047619
1 0.718750 0.485714 0.050000 0.047619
1 0.418750 0.571429 0.050000 0.047619
1 0.518750 0.571429 0.050000 0.047619
1 0.618750 0.571429 0.050000 0.047619
1 0.718750 0.571429 0.050000 0.047619
1 0.418750 0.657143 0.050000 0.047619
1 0.518750 0.657143 0.050000 0.047619
1 0.618750 0.657143 0.050000 0.047619
1 0.718750 0.657143 0.050000 0.047619
2 0.371875 0.204762 0.006250 0.047619
6 0.328125 0.842857 0.006250 0.047619
6 0.421875 0.728571 0.006250 0.047619
5 0.890625 0.076190 0.043750 0.038095