0 0.584375 0.909524 0.043750 0.047619
1 0.243750 0.228571 0.050000 0.047619
1 0.343750 0.228571 0.050000 0.047619
1 0.443750 0.228571 0.050000 0.047619
1 0.543750 0.228571 0.050000 0.047619
1 0.643750 0.228571 0.050000 0.047619
1 0.743750 0.228571 0.050000 0.047619
1 0.243750 0.314286 0.050000 0.047619
1 0.343750 0.314286 0.050000 0.047619
1 0.443750 0.314286 0.050000 0.047619
1 0.543750 0.314286 0.050000 0.047619
1 0.643750 0.314286 0.050000 0.047619
1 0.743750 0.314286 0.050000 0.047619
1 0.243750 0.400000 0.050000 0.047619
1 0.343750 0.400000 0.050000 0.047619
1 0.443750 0.400000 0.050000 0.047619
1 0.543750 0.400000 0.050000 0.047619
1 0.643750 0.400000 0.050000 0.047619
1 0.743750 0.400000 0.050000 0.047619
1 0.243750 0.485714 0.050000 0.047619
1 0.343750 0.485714 0.050000 0.047619
1 0.443750 0.485714 0.050000 0.047619
1 0.543750 0.485714 0.050000 0.047619
1 0.643750 0.485714 0.050000 0.047619
1 0.743750 0.485714 0.050000 0.047619
1 0.243750 0.571429 0.050000 0.047619
1 0.343750 0.571429 0.050000 0.047619
1 0.443750 0.571429 0.050000 0.047619
1 0.543750 0.571429 0.050000 0.047619
1 0.643750 0.571429 0.050000 0.047619
1 0.743750 0.571429 0.050000 0.047619
1 0.243750 0.657143 0.050000 0.047619
1 0.443750 0.657143 0.050000 0.047619
1 0.543750 0.657143 0.050000 0.047619
1 0.643750 0.657143 0.050000 0.047619
1 0.743750 0.657143 0.050000 0.047619
2 0.515625 0.047619 0.006250 0.047619
6 0.540625 0.719048 0.006250 0.047619
6 0.353125 0.919048 0.006250 0.047619
5 0.353125 0.076190 0.043750 0.038095