0 0.353125 0.909524 0.043750 0.047619
1 0.250000 0.228571 0.050000 0.047619
1 0.450000 0.228571 0.050000 0.047619
1 0.550000 0.228571 0.050000 0.047619
1 0.650000 0.228571 0.050000 0.047619
1 0.750000 0.228571 0.050000 0.047619
1 0.350000 0.314286 0.050000 0.047619
1 0.450000 0.314286 0.050000 0.047619
1 0.550000 0.314286 0.050000 0.047619
1 0.650000 0.314286 0.050000 0.047619
1 0.750000 0.314286 0.050000 0.047619
1 0.350000 0.400000 0.050000 0.047619
1 0.450000 0.400000 0.050000 0.047619
1 0.550000 0.400000 0.050000 0.047619
1 0.650000 0.400000 0.050000 0.047619
1 0.750000 0.400000 0.050000 0.047619
1 0.350000 0.485714 0.050000 0.047619
1 0.450000 0.485714 0.050000 0.047619
1 0.550000 0.485714 0.050000 0.047619
1 0.650000 0.485714 0.050000 0.047619
1 0.750000 0.485714 0.050000 0.047619
1 0.350000 0.571429 0.050000 0.047619
1 0.450000 0.571429 0.050000 0.047619
1 0.550000 0.571429 0.050000 0.047619
1 0.650000 0.571429 0.050000 0.047619
1 0.750000 0.571429 0.050000 0.047619
1 0.450000 0.657143 0.050000 0.047619
1 0.550000 0.657143 0.050000 0.047619
1 0.650000 0.657143 0.050000 0.047619
1 0.750000 0.657143 0.050000 0.047619
2 0.321875 0.709524 0.006250 0.047619
6 0.653125 0.823810 0.006250 0.047619
5 0.640625 0.076190 0.043750 0.038095