0 0.259375 0.909524 0.043750 0.047619
1 0.487500 0.228571 0.050000 0.047619
1 0.587500 0.228571 0.050000 0.047619
1 0.687500 0.228571 0.050000 0.047619
1 0.787500 0.228571 0.050000 0.047619
1 0.487500 0.314286 0.050000 0.047619
1 0.587500 0.314286 0.050000 0.047619
1 0.687500 0.314286 0.050000 0.047619
1 0.787500 0.314286 0.050000 0.047619
1 0.487500 0.400000 0.050000 0.047619
1 0.587500 0.400000 0.050000 0.047619
1 0.687500 0.400000 0.050000 0.047619
1 0.787500 0.400000 0.050000 0.047619
1 0.487500 0.485714 0.050000 0.047619
1 0.587500 0.485714 0.050000 0.047619
1 0.787500 0.485714 0.050000 0.047619
1 0.787500 0.571429 0.050000 0.047619
1 0.787500 0.657143 0.050000 0.047619
6 0.590625 0.609524 0.006250 0.047619