0 0.259375 0.909524 0.043750 0.047619
1 0.237500 0.180952 0.050000 0.047619
1 0.337500 0.180952 0.050000 0.047619
1 0.437500 0.180952 0.050000 0.047619
1 0.537500 0.180952 0.050000 0.047619
1 0.637500 0.180952 0.050000 0.047619
1 0.737500 0.180952 0.050000 0.047619
1 0.237500 0.266667 0.050000 0.047619
1 0.337500 0.266667 0.050000 0.047619
1 0.437500 0.266667 0.050000 0.047619
1 0.537500 0.266667 0.050000 0.047619
1 0.637500 0.266667 0.050000 0.047619
1 0.737500 0.266667 0.050000 0.047619
1 0.237500 0.352381 0.050000 0.047619
1 0.337500 0.352381 0.050000 0.047619
1 0.437500 0.352381 0.050000 0.047619
1 0.537500 0.352381 0.050000 0.047619
1 0.637500 0.352381 0.050000 0.047619
1 0.737500 0.352381 0.050000 0.047619
1 0.337500 0.438095 0.050000 0.047619
1 0.437500 0.438095 0.050000 0.047619
1 0.537500 0.438095 0.050000 0.047619
1 0.637500 0.438095 0.050000 0.047619
1 0.737500 0.438095 0.050000 0.047619
1 0.237500 0.523810 0.050000 0.047619
1 0.337500 0.523810 0.050000 0.047619
1 0.437500 0.523810 0.050000 0.047619
1 0.537500 0.523810 0.050000 0.047619
1 0.637500 0.523810 0.050000 0.047619
1 0.737500 0.523810 0.050000 0.047619
1 0.437500 0.609524 0.050000 0.047619
1 0.537500 0.609524 0.050000 0.047619
1 0.637500 0.609524 0.050000 0.047619
1 0.737500 0.609524 0.050000 0.047619
2 0.259375 0.423810 0.006250 0.047619
6 0.215625 0.980952 0.006250 0.047619
6 0.528125 0.780952 0.006250 0.047619