0 0.578125 0.909524 0.043750 0.047619
1 0.275000 0.371429 0.050000 0.047619
1 0.475000 0.371429 0.050000 0.047619
1 0.575000 0.371429 0.050000 0.047619
1 0.675000 0.371429 0.050000 0.047619
1 0.775000 0.371429 0.050000 0.047619
1 0.475000 0.457143 0.050000 0.047619
1 0.575000 0.457143 0.050000 0.047619
1 0.675000 0.457143 0.050000 0.047619
1 0.775000 0.457143 0.050000 0.047619
1 0.475000 0.542857 0.050000 0.047619
1 0.575000 0.542857 0.050000 0.047619
1 0.675000 0.542857 0.050000 0.047619
1 0.775000 0.542857 0.050000 0.047619
1 0.475000 0.628571 0.050000 0.047619
1 0.575000 0.628571 0.050000 0.047619
1 0.775000 0.628571 0.050000 0.047619
1 0.775000 0.714286 0.050000 0.047619
1 0.775000 0.800000 0.050000 0.047619
2 0.615625 0.500000 0.006250 0.047619
6 0.553125 0.895238 0.006250 0.047619