0 0.365625 0.909524 0.043750 0.047619
1 0.237500 0.228571 0.050000 0.047619
1 0.437500 0.228571 0.050000 0.047619
1 0.537500 0.228571 0.050000 0.047619
1 0.637500 0.228571 0.050000 0.047619
1 0.737500 0.228571 0.050000 0.047619
1 0.337500 0.314286 0.050000 0.047619
1 0.437500 0.314286 0.050000 0.047619
1 0.537500 0.314286 0.050000 0.047619
1 0.637500 0.314286 0.050000 0.047619
1 0.737500 0.314286 0.050000 0.047619
1 0.337500 0.400000 0.050000 0.047619
1 0.437500 0.400000 0.050000 0.047619
1 0.537500 0.400000 0.050000 0.047619
1 0.637500 0.400000 0.050000 0.047619
1 0.737500 0.400000 0.050000 0.047619
1 0.337500 0.485714 0.050000 0.047619
1 0.437500 0.485714 0.050000 0.047619
1 0.537500 0.485714 0.050000 0.047619
1 0.637500 0.485714 0.050000 0.047619
1 0.737500 0.485714 0.050000 0.047619
1 0.437500 0.571429 0.050000 0.047619
1 0.537500 0.571429 0.050000 0.047619
1 0.637500 0.571429 0.050000 0.047619
1 0.737500 0.571429 0.050000 0.047619
1 0.437500 0.657143 0.050000 0.047619
1 0.537500 0.657143 0.050000 0.047619
1 0.637500 0.657143 0.050000 0.047619
1 0.737500 0.657143 0.050000 0.047619
2 0.371875 0.585714 0.006250 0.047619
6 0.640625 0.919048 0.006250 0.047619
5 0.765625 0.076190 0.043750 0.038095