0 0.246875 0.909524 0.043750 0.047619
1 0.312500 0.228571 0.050000 0.047619
1 0.412500 0.228571 0.050000 0.047619
1 0.512500 0.228571 0.050000 0.047619
1 0.612500 0.228571 0.050000 0.047619
1 0.712500 0.228571 0.050000 0.047619
1 0.812500 0.228571 0.050000 0.047619
1 0.412500 0.314286 0.050000 0.047619
1 0.512500 0.314286 0.050000 0.047619
1 0.612500 0.314286 0.050000 0.047619
1 0.712500 0.314286 0.050000 0.047619
1 0.812500 0.314286 0.050000 0.047619
1 0.412500 0.400000 0.050000 0.047619
1 0.512500 0.400000 0.050000 0.047619
1 0.612500 0.400000 0.050000 0.047619
1 0.712500 0.400000 0.050000 0.047619
1 0.812500 0.400000 0.050000 0.047619
1 0.412500 0.485714 0.050000 0.047619
1 0.512500 0.485714 0.050000 0.047619
1 0.612500 0.485714 0.050000 0.047619
1 0.712500 0.485714 0.050000 0.047619
1 0.812500 0.485714 0.050000 0.047619
1 0.412500 0.571429 0.050000 0.047619
1 0.512500 0.571429 0.050000 0.047619
1 0.612500 0.571429 0.050000 0.047619
1 0.712500 0.571429 0.050000 0.047619
1 0.812500 0.571429 0.050000 0.047619
1 0.512500 0.657143 0.050000 0.047619
1 0.612500 0.657143 0.050000 0.047619
1 0.712500 0.657143 0.050000 0.047619
1 0.812500 0.657143 0.050000 0.047619
2 0.253125 0.680952 0.006250 0.047619
6 0.415625 0.647619 0.006250 0.047619
6 0.334375 0.828571 0.006250 0.047619
6 0.521875 1.000000 0.006250 0.047619
5 0.140625 0.076190 0.043750 0.038095