0 0.353125 0.909524 0.043750 0.047619
1 0.325000 0.323810 0.050000 0.047619
1 0.525000 0.323810 0.050000 0.047619
1 0.625000 0.323810 0.050000 0.047619
1 0.725000 0.323810 0.050000 0.047619
1 0.825000 0.323810 0.050000 0.047619
1 0.525000 0.409524 0.050000 0.047619
1 0.625000 0.409524 0.050000 0.047619
1 0.725000 0.409524 0.050000 0.047619
1 0.825000 0.409524 0.050000 0.047619
1 0.525000 0.495238 0.050000 0.047619
1 0.625000 0.495238 0.050000 0.047619
1 0.725000 0.495238 0.050000 0.047619
1 0.825000 0.495238 0.050000 0.047619
1 0.525000 0.580952 0.050000 0.047619
1 0.625000 0.580952 0.050000 0.047619
1 0.725000 0.580952 0.050000 0.047619
1 0.825000 0.580952 0.050000 0.047619
1 0.625000 0.666667 0.050000 0.047619
1 0.725000 0.666667 0.050000 0.047619
1 0.825000 0.666667 0.050000 0.047619
1 0.625000 0.752381 0.050000 0.047619
1 0.725000 0.752381 0.050000 0.047619
1 0.825000 0.752381 0.050000 0.047619
2 0.384375 0.433333 0.006250 0.047619
6 0.534375 0.800000 0.006250 0.047619