0 0.428125 0.909524 0.043750 0.047619
1 0.187500 0.228571 0.050000 0.047619
1 0.387500 0.228571 0.050000 0.047619
1 0.487500 0.228571 0.050000 0.047619
1 0.587500 0.228571 0.050000 0.047619
1 0.687500 0.228571 0.050000 0.047619
1 0.287500 0.314286 0.050000 0.047619
1 0.387500 0.314286 0.050000 0.047619
1 0.487500 0.314286 0.050000 0.047619
1 0.587500 0.314286 0.050000 0.047619
1 0.687500 0.314286 0.050000 0.047619
1 0.287500 0.400000 0.050000 0.047619
1 0.387500 0.400000 0.050000 0.047619
1 0.487500 0.400000 0.050000 0.047619
1 0.587500 0.400000 0.050000 0.047619
1 0.687500 0.400000 0.050000 0.047619
1 0.287500 0.485714 0.050000 0.047619
1 0.387500 0.485714 0.050000 0.047619
1 0.487500 0.485714 0.050000 0.047619
1 0.587500 0.485714 0.050000 0.047619
1 0.687500 0.485714 0.050000 0.047619
1 0.387500 0.571429 0.050000 0.047619
1 0.487500 0.571429 0.050000 0.047619
1 0.587500 0.571429 0.050000 0.047619
1 0.687500 0.571429 0.050000 0.047619
1 0.487500 0.657143 0.050000 0.047619
1 0.587500 0.657143 0.050000 0.047619
1 0.687500 0.657143 0.050000 0.047619
2 0.434375 0.476190 0.006250 0.047619
6 0.596875 0.919048 0.006250 0.047619