0 0.284375 0.909524 0.043750 0.047619
1 0.431250 0.180952 0.050000 0.047619
1 0.531250 0.180952 0.050000 0.047619
1 0.631250 0.180952 0.050000 0.047619
1 0.731250 0.180952 0.050000 0.047619
1 0.431250 0.266667 0.050000 0.047619
1 0.531250 0.266667 0.050000 0.047619
1 0.631250 0.266667 0.050000 0.047619
1 0.731250 0.266667 0.050000 0.047619
1 0.431250 0.352381 0.050000 0.047619
1 0.531250 0.352381 0.050000 0.047619
1 0.631250 0.352381 0.050000 0.047619
1 0.731250 0.352381 0.050000 0.047619
1 0.431250 0.438095 0.050000 0.047619
1 0.531250 0.438095 0.050000 0.047619
1 0.731250 0.438095 0.050000 0.047619
1 0.731250 0.523810 0.050000 0.047619
1 0.731250 0.609524 0.050000 0.047619
2 0.303125 0.861905 0.006250 0.047619
6 0.715625 0.828571 0.006250 0.047619