0 0.384375 0.909524 0.043750 0.047619
1 0.312500 0.323810 0.050000 0.047619
1 0.512500 0.323810 0.050000 0.047619
1 0.612500 0.323810 0.050000 0.047619
1 0.712500 0.323810 0.050000 0.047619
1 0.812500 0.323810 0.050000 0.047619
1 0.512500 0.409524 0.050000 0.047619
1 0.612500 0.409524 0.050000 0.047619
1 0.712500 0.409524 0.050000 0.047619
1 0.812500 0.409524 0.050000 0.047619
1 0.512500 0.495238 0.050000 0.047619
1 0.612500 0.495238 0.050000 0.047619
1 0.712500 0.495238 0.050000 0.047619
1 0.812500 0.495238 0.050000 0.047619
1 0.512500 0.580952 0.050000 0.047619
1 0.612500 0.580952 0.050000 0.047619
1 0.712500 0.580952 0.050000 0.047619
1 0.812500 0.580952 0.050000 0.047619
1 0.612500 0.666667 0.050000 0.047619
1 0.712500 0.666667 0.050000 0.047619
1 0.812500 0.666667 0.050000 0.047619
1 0.612500 0.752381 0.050000 0.047619
1 0.712500 0.752381 0.050000 0.047619
1 0.812500 0.752381 0.050000 0.047619
2 0.384375 0.052381 0.006250 0.047619
6 0.709375 0.828571 0.006250 0.047619