0 0.346875 0.909524 0.043750 0.047619
1 0.281250 0.323810 0.050000 0.047619
1 0.481250 0.323810 0.050000 0.047619
1 0.581250 0.323810 0.050000 0.047619
1 0.681250 0.323810 0.050000 0.047619
1 0.781250 0.323810 0.050000 0.047619
1 0.481250 0.409524 0.050000 0.047619
1 0.581250 0.409524 0.050000 0.047619
1 0.681250 0.409524 0.050000 0.047619
1 0.781250 0.409524 0.050000 0.047619
1 0.481250 0.495238 0.050000 0.047619
1 0.581250 0.495238 0.050000 0.047619
1 0.681250 0.495238 0.050000 0.047619
1 0.781250 0.495238 0.050000 0.047619
1 0.481250 0.580952 0.050000 0.047619
1 0.581250 0.580952 0.050000 0.047619
1 0.681250 0.580952 0.050000 0.047619
1 0.781250 0.580952 0.050000 0.047619
1 0.581250 0.666667 0.050000 0.047619
1 0.681250 0.666667 0.050000 0.047619
1 0.781250 0.666667 0.050000 0.047619
1 0.581250 0.752381 0.050000 0.047619
1 0.681250 0.752381 0.050000 0.047619
1 0.781250 0.752381 0.050000 0.047619
2 0.421875 0.133333 0.006250 0.047619
6 0.784375 1.000000 0.006250 0.047619