0 0.321875 0.909524 0.043750 0.047619
1 0.425000 0.228571 0.050000 0.047619
1 0.525000 0.228571 0.050000 0.047619
1 0.625000 0.228571 0.050000 0.047619
1 0.725000 0.228571 0.050000 0.047619
1 0.425000 0.314286 0.050000 0.047619
1 0.525000 0.314286 0.050000 0.047619
1 0.625000 0.314286 0.050000 0.047619
1 0.725000 0.314286 0.050000 0.047619
1 0.425000 0.400000 0.050000 0.047619
1 0.525000 0.400000 0.050000 0.047619
1 0.625000 0.400000 0.050000 0.047619
1 0.725000 0.400000 0.050000 0.047619
1 0.425000 0.485714 0.050000 0.047619
1 0.525000 0.485714 0.050000 0.047619
1 0.725000 0.485714 0.050000 0.047619
1 0.725000 0.571429 0.050000 0.047619
1 0.725000 0.657143 0.050000 0.047619
2 0.321875 0.252381 0.006250 0.047619
6 0.440625 0.800000 0.006250 0.047619