0 0.296875 0.909524 0.043750 0.047619
1 0.243750 0.180952 0.050000 0.047619
1 0.343750 0.180952 0.050000 0.047619
1 0.443750 0.180952 0.050000 0.047619
1 0.543750 0.180952 0.050000 0.047619
1 0.643750 0.180952 0.050000 0.047619
1 0.743750 0.180952 0.050000 0.047619
1 0.243750 0.266667 0.050000 0.047619
1 0.343750 0.266667 0.050000 0.047619
1 0.443750 0.266667 0.050000 0.047619
1 0.543750 0.266667 0.050000 0.047619
1 0.643750 0.266667 0.050000 0.047619
1 0.743750 0.266667 0.050000 0.047619
1 0.243750 0.352381 0.050000 0.047619
1 0.343750 0.352381 0.050000 0.047619
1 0.443750 0.352381 0.050000 0.047619
1 0.543750 0.352381 0.050000 0.047619
1 0.643750 0.352381 0.050000 0.047619
1 0.743750 0.352381 0.050000 0.047619
1 0.243750 0.438095 0.050000 0.047619
1 0.343750 0.438095 0.050000 0.047619
1 0.443750 0.438095 0.050000 0.047619
1 0.543750 0.438095 0.050000 0.047619
1 0.643750 0.438095 0.050000 0.047619
1 0.743750 0.438095 0.050000 0.047619
1 0.243750 0.523810 0.050000 0.047619
1 0.343750 0.523810 0.050000 0.047619
1 0.443750 0.523810 0.050000 0.047619
1 0.543750 0.523810 0.050000 0.047619
1 0.643750 0.523810 0.050000 0.047619
1 0.743750 0.523810 0.050000 0.047619
1 0.243750 0.609524 0.050000 0.047619
1 0.343750 0.609524 0.050000 0.047619
1 0.443750 0.609524 0.050000 0.047619
1 0.543750 0.609524 0.050000 0.047619
1 0.643750 0.609524 0.050000 0.047619
1 0.743750 0.609524 0.050000 0.047619
6 0.228125 0.957143 0.006250 0.047619
6 0.540625 0.671429 0.006250 0.047619