0 0.425000 0.309524 0.050000 0.085714
4 1.000000 0.528571 0.050000 0.038095
4 1.000000 0.766667 0.050000 0.038095
4 0.431250 0.480952 0.062500 0.038095
4 0.493750 0.480952 0.062500 0.038095
4 0.618750 0.480952 0.062500 0.038095
4 0.681250 0.480952 0.062500 0.038095
4 0.806250 0.480952 0.062500 0.038095
4 0.868750 0.480952 0.062500 0.038095
4 0.056250 0.597619 0.062500 0.038095
4 0.118750 0.597619 0.062500 0.038095
4 0.181250 0.597619 0.062500 0.038095
4 0.243750 0.597619 0.062500 0.038095
4 0.306250 0.597619 0.062500 0.038095
4 0.431250 0.597619 0.062500 0.038095
4 0.493750 0.597619 0.062500 0.038095
4 0.431250 0.714286 0.062500 0.038095
4 0.493750 0.714286 0.062500 0.038095
4 0.618750 0.714286 0.062500 0.038095
4 0.681250 0.714286 0.062500 0.038095
4 0.806250 0.714286 0.062500 0.038095
4 0.868750 0.714286 0.062500 0.038095
4 0.056250 0.830952 0.062500 0.038095
4 0.118750 0.830952 0.062500 0.038095
4 0.181250 0.830952 0.062500 0.038095
4 0.243750 0.830952 0.062500 0.038095
4 0.306250 0.830952 0.062500 0.038095
4 0.431250 0.830952 0.062500 0.038095
4 0.493750 0.830952 0.062500 0.038095