0 0.412500 0.442857 0.050000 0.085714
4 0.075000 0.409524 0.050000 0.038095
4 0.775000 0.528571 0.050000 0.038095
4 0.075000 0.647619 0.050000 0.038095
4 0.075000 0.766667 0.050000 0.038095
4 0.225000 0.385714 0.050000 0.038095
4 0.275000 0.385714 0.050000 0.038095
4 0.325000 0.385714 0.050000 0.038095
4 0.375000 0.385714 0.050000 0.038095
4 0.425000 0.385714 0.050000 0.038095
4 0.475000 0.385714 0.050000 0.038095
4 0.575000 0.385714 0.050000 0.038095
4 0.625000 0.385714 0.050000 0.038095
4 0.175000 0.423810 0.050000 0.038095
4 0.225000 0.423810 0.050000 0.038095
4 0.325000 0.423810 0.050000 0.038095
4 0.375000 0.423810 0.050000 0.038095
4 0.475000 0.423810 0.050000 0.038095
4 0.525000 0.423810 0.050000 0.038095
4 0.225000 0.461905 0.050000 0.038095
4 0.275000 0.461905 0.050000 0.038095
4 0.325000 0.461905 0.050000 0.038095
4 0.375000 0.461905 0.050000 0.038095
4 0.425000 0.461905 0.050000 0.038095
4 0.475000 0.461905 0.050000 0.038095
4 0.575000 0.461905 0.050000 0.038095
4 0.625000 0.461905 0.050000 0.038095
4 0.175000 0.500000 0.050000 0.038095
4 0.225000 0.500000 0.050000 0.038095
4 0.325000 0.500000 0.050000 0.038095
4 0.375000 0.500000 0.050000 0.038095
4 0.475000 0.500000 0.050000 0.038095
4 0.525000 0.500000 0.050000 0.038095