0 0.400000 0.300000 0.050000 0.085714
4 0.962500 0.528571 0.050000 0.038095
4 0.325000 0.385714 0.050000 0.038095
4 0.375000 0.385714 0.050000 0.038095
4 0.425000 0.385714 0.050000 0.038095
4 0.475000 0.385714 0.050000 0.038095
4 0.525000 0.385714 0.050000 0.038095
4 0.575000 0.385714 0.050000 0.038095
4 0.675000 0.385714 0.050000 0.038095
4 0.725000 0.385714 0.050000 0.038095
4 0.075000 0.423810 0.050000 0.038095
4 0.125000 0.423810 0.050000 0.038095
4 0.225000 0.423810 0.050000 0.038095
4 0.275000 0.423810 0.050000 0.038095
4 0.375000 0.423810 0.050000 0.038095
4 0.425000 0.423810 0.050000 0.038095
4 0.325000 0.461905 0.050000 0.038095
4 0.375000 0.461905 0.050000 0.038095
4 0.425000 0.461905 0.050000 0.038095
4 0.475000 0.461905 0.050000 0.038095
4 0.525000 0.461905 0.050000 0.038095
4 0.575000 0.461905 0.050000 0.038095
4 0.675000 0.461905 0.050000 0.038095
4 0.725000 0.461905 0.050000 0.038095
4 0.075000 0.500000 0.050000 0.038095
4 0.125000 0.500000 0.050000 0.038095
4 0.225000 0.500000 0.050000 0.038095
4 0.275000 0.500000 0.050000 0.038095
4 0.375000 0.500000 0.050000 0.038095
4 0.425000 0.500000 0.050000 0.038095