0 0.412500 0.352381 0.050000 0.085714
4 0.975000 0.409524 0.050000 0.038095
4 0.975000 0.528571 0.050000 0.038095
4 0.275000 0.019048 0.050000 0.038095
4 0.325000 0.019048 0.050000 0.038095
4 0.375000 0.019048 0.050000 0.038095
4 0.425000 0.019048 0.050000 0.038095
4 0.475000 0.019048 0.050000 0.038095
4 0.525000 0.019048 0.050000 0.038095
4 0.625000 0.019048 0.050000 0.038095
4 0.675000 0.019048 0.050000 0.038095
4 0.025000 0.057143 0.050000 0.038095
4 0.075000 0.057143 0.050000 0.038095
4 0.175000 0.057143 0.050000 0.038095
4 0.225000 0.057143 0.050000 0.038095
4 0.325000 0.057143 0.050000 0.038095
4 0.375000 0.057143 0.050000 0.038095
4 0.275000 0.095238 0.050000 0.038095
4 0.325000 0.095238 0.050000 0.038095
4 0.375000 0.095238 0.050000 0.038095
4 0.425000 0.095238 0.050000 0.038095
4 0.475000 0.095238 0.050000 0.038095
4 0.525000 0.095238 0.050000 0.038095
4 0.625000 0.095238 0.050000 0.038095
4 0.675000 0.095238 0.050000 0.038095
4 0.025000 0.133333 0.050000 0.038095
4 0.075000 0.133333 0.050000 0.038095
4 0.175000 0.133333 0.050000 0.038095
4 0.225000 0.133333 0.050000 0.038095
4 0.325000 0.133333 0.050000 0.038095
4 0.375000 0.133333 0.050000 0.038095