0 0.440625 0.904762 0.043750 0.047619
1 0.237500 0.266667 0.050000 0.047619
1 0.337500 0.266667 0.050000 0.047619
1 0.437500 0.266667 0.050000 0.047619
1 0.537500 0.266667 0.050000 0.047619
1 0.637500 0.266667 0.050000 0.047619
1 0.737500 0.266667 0.050000 0.047619
1 0.237500 0.352381 0.050000 0.047619
1 0.337500 0.352381 0.050000 0.047619
1 0.437500 0.352381 0.050000 0.047619
1 0.537500 0.352381 0.050000 0.047619
1 0.637500 0.352381 0.050000 0.047619
1 0.737500 0.352381 0.050000 0.047619
1 0.337500 0.438095 0.050000 0.047619
1 0.437500 0.438095 0.050000 0.047619
1 0.537500 0.438095 0.050000 0.047619
1 0.637500 0.438095 0.050000 0.047619
1 0.737500 0.438095 0.050000 0.047619
1 0.237500 0.523810 0.050000 0.047619
1 0.437500 0.523810 0.050000 0.047619
1 0.537500 0.523810 0.050000 0.047619
1 0.637500 0.523810 0.050000 0.047619
1 0.737500 0.523810 0.050000 0.047619
1 0.437500 0.609524 0.050000 0.047619
1 0.537500 0.609524 0.050000 0.047619
1 0.637500 0.609524 0.050000 0.047619
1 0.737500 0.609524 0.050000 0.047619
1 0.437500 0.695238 0.050000 0.047619
1 0.537500 0.695238 0.050000 0.047619
1 0.637500 0.695238 0.050000 0.047619
1 0.737500 0.695238 0.050000 0.047619
2 0.371875 0.623810 0.006250 0.047619
2 0.221875 0.895238 0.006250 0.047619
2 0.734375 0.780952 0.006250 0.047619
3 0.715625 0.071429 0.043750 0.038095