0 0.328125 0.904762 0.043750 0.047619
1 0.262500 0.314286 0.050000 0.047619
1 0.362500 0.314286 0.050000 0.047619
1 0.462500 0.314286 0.050000 0.047619
1 0.562500 0.314286 0.050000 0.047619
1 0.662500 0.314286 0.050000 0.047619
1 0.762500 0.314286 0.050000 0.047619
1 0.262500 0.400000 0.050000 0.047619
1 0.462500 0.400000 0.050000 0.047619
1 0.562500 0.400000 0.050000 0.047619
1 0.662500 0.400000 0.050000 0.047619
1 0.762500 0.400000 0.050000 0.047619
1 0.462500 0.485714 0.050000 0.047619
1 0.562500 0.485714 0.050000 0.047619
1 0.662500 0.485714 0.050000 0.047619
1 0.762500 0.485714 0.050000 0.047619
1 0.462500 0.571429 0.050000 0.047619
1 0.562500 0.571429 0.050000 0.047619
1 0.662500 0.571429 0.050000 0.047619
1 0.762500 0.571429 0.050000 0.047619
1 0.462500 0.657143 0.050000 0.047619
1 0.562500 0.657143 0.050000 0.047619
1 0.662500 0.657143 0.050000 0.047619
1 0.762500 0.657143 0.050000 0.047619
1 0.462500 0.742857 0.050000 0.047619
1 0.562500 0.742857 0.050000 0.047619
1 0.662500 0.742857 0.050000 0.047619
1 0.762500 0.742857 0.050000 0.047619
2 0.303125 0.309524 0.006250 0.047619
2 0.378125 0.695238 0.006250 0.047619
2 0.565625 0.838095 0.006250 0.047619
3 0.996875 0.071429 0.043750 0.038095