0 0.278125 0.904762 0.043750 0.047619
1 0.281250 0.171429 0.050000 0.047619
1 0.381250 0.171429 0.050000 0.047619
1 0.481250 0.171429 0.050000 0.047619
1 0.581250 0.171429 0.050000 0.047619
1 0.681250 0.171429 0.050000 0.047619
1 0.781250 0.171429 0.050000 0.047619
1 0.281250 0.257143 0.050000 0.047619
1 0.381250 0.257143 0.050000 0.047619
1 0.481250 0.257143 0.050000 0.047619
1 0.581250 0.257143 0.050000 0.047619
1 0.681250 0.257143 0.050000 0.047619
1 0.781250 0.257143 0.050000 0.047619
1 0.381250 0.342857 0.050000 0.047619
1 0.481250 0.342857 0.050000 0.047619
1 0.581250 0.342857 0.050000 0.047619
1 0.681250 0.342857 0.050000 0.047619
1 0.781250 0.342857 0.050000 0.047619
1 0.281250 0.428571 0.050000 0.047619
1 0.381250 0.428571 0.050000 0.047619
1 0.481250 0.428571 0.050000 0.047619
1 0.581250 0.428571 0.050000 0.047619
1 0.681250 0.428571 0.050000 0.047619
1 0.781250 0.428571 0.050000 0.047619
1 0.281250 0.514286 0.050000 0.047619
1 0.381250 0.514286 0.050000 0.047619
1 0.481250 0.514286 0.050000 0.047619
1 0.581250 0.514286 0.050000 0.047619
1 0.681250 0.514286 0.050000 0.047619
1 0.781250 0.514286 0.050000 0.047619
1 0.381250 0.600000 0.050000 0.047619
1 0.481250 0.600000 0.050000 0.047619
1 0.581250 0.600000 0.050000 0.047619
1 0.681250 0.600000 0.050000 0.047619
1 0.781250 0.600000 0.050000 0.047619
2 0.240625 0.557143 0.006250 0.047619
2 0.478125 0.695238 0.006250 0.047619
2 0.565625 0.980952 0.006250 0.047619