0 0.887500 0.909524 0.100000 0.019048
2 0.287500 0.728571 0.012500 0.019048
4 0.080781 0.285714 0.049062 0.028571
4 0.129844 0.285714 0.049062 0.028571
4 0.178906 0.285714 0.049062 0.028571
4 0.227969 0.285714 0.049062 0.028571
4 0.277031 0.285714 0.049062 0.028571
4 0.326094 0.285714 0.049062 0.028571
4 0.375156 0.285714 0.049062 0.028571
4 0.424219 0.285714 0.049062 0.028571
4 0.473281 0.285714 0.049062 0.028571
4 0.522344 0.285714 0.049062 0.028571
4 0.571406 0.285714 0.049062 0.028571
4 0.620469 0.285714 0.049062 0.028571
4 0.669531 0.285714 0.049062 0.028571
4 0.718594 0.285714 0.049062 0.028571
4 0.767656 0.285714 0.049062 0.028571
4 0.816719 0.285714 0.049062 0.028571
4 0.865781 0.285714 0.049062 0.028571
4 0.914844 0.285714 0.049062 0.028571
4 0.080781 0.314286 0.049062 0.028571
4 0.129844 0.314286 0.049062 0.028571
4 0.178906 0.314286 0.049062 0.028571
4 0.227969 0.314286 0.049062 0.028571
4 0.277031 0.314286 0.049062 0.028571
4 0.326094 0.314286 0.049062 0.028571
4 0.375156 0.314286 0.049062 0.028571
4 0.424219 0.314286 0.049062 0.028571
4 0.473281 0.314286 0.049062 0.028571
4 0.522344 0.314286 0.049062 0.028571
4 0.571406 0.314286 0.049062 0.028571
4 0.620469 0.314286 0.049062 0.028571
4 0.669531 0.314286 0.049062 0.028571
4 0.718594 0.314286 0.049062 0.028571
4 0.767656 0.314286 0.049062 0.028571
4 0.816719 0.314286 0.049062 0.028571
4 0.865781 0.314286 0.049062 0.028571
4 0.914844 0.314286 0.049062 0.028571
4 0.080781 0.342857 0.049062 0.028571
4 0.129844 0.342857 0.049062 0.028571
4 0.178906 0.342857 0.049062 0.028571
4 0.227969 0.342857 0.049062 0.028571
4 0.277031 0.342857 0.049062 0.028571
4 0.326094 0.342857 0.049062 0.028571
4 0.375156 0.342857 0.049062 0.028571
4 0.424219 0.342857 0.049062 0.028571
4 0.473281 0.342857 0.049062 0.028571
4 0.522344 0.342857 0.049062 0.028571
4 0.571406 0.342857 0.049062 0.028571
4 0.620469 0.342857 0.049062 0.028571
4 0.669531 0.342857 0.049062 0.028571
4 0.718594 0.342857 0.049062 0.028571
4 0.767656 0.342857 0.049062 0.028571
4 0.816719 0.342857 0.049062 0.028571
4 0.865781 0.342857 0.049062 0.028571
4 0.914844 0.342857 0.049062 0.028571
4 0.080781 0.371429 0.049062 0.028571
4 0.129844 0.371429 0.049062 0.028571
4 0.178906 0.371429 0.049062 0.028571
4 0.227969 0.371429 0.049062 0.028571
4 0.277031 0.371429 0.049062 0.028571
4 0.326094 0.371429 0.049062 0.028571
4 0.375156 0.371429 0.049062 0.028571
4 0.424219 0.371429 0.049062 0.028571
4 0.473281 0.371429 0.049062 0.028571
4 0.522344 0.371429 0.049062 0.028571
4 0.571406 0.371429 0.049062 0.028571
4 0.620469 0.371429 0.049062 0.028571
4 0.669531 0.371429 0.049062 0.028571
4 0.718594 0.371429 0.049062 0.028571
4 0.767656 0.371429 0.049062 0.028571
4 0.816719 0.371429 0.049062 0.028571
4 0.865781 0.371429 0.049062 0.028571
4 0.914844 0.371429 0.049062 0.028571
4 0.080781 0.400000 0.049062 0.028571
4 0.129844 0.400000 0.049062 0.028571
4 0.178906 0.400000 0.049062 0.028571
4 0.227969 0.400000 0.049062 0.028571
4 0.277031 0.400000 0.049062 0.028571
4 0.326094 0.400000 0.049062 0.028571
4 0.375156 0.400000 0.049062 0.028571
4 0.424219 0.400000 0.049062 0.028571
4 0.473281 0.400000 0.049062 0.028571
4 0.522344 0.400000 0.049062 0.028571
4 0.571406 0.400000 0.049062 0.028571
4 0.620469 0.400000 0.049062 0.028571
4 0.669531 0.400000 0.049062 0.028571
4 0.718594 0.400000 0.049062 0.028571
4 0.767656 0.400000 0.049062 0.028571
4 0.816719 0.400000 0.049062 0.028571
4 0.865781 0.400000 0.049062 0.028571
4 0.914844 0.400000 0.049062 0.028571
4 0.080781 0.428571 0.049062 0.028571
4 0.129844 0.428571 0.049062 0.028571
4 0.178906 0.428571 0.049062 0.028571
4 0.227969 0.428571 0.049062 0.028571
4 0.277031 0.428571 0.049062 0.028571
4 0.326094 0.428571 0.049062 0.028571
4 0.375156 0.428571 0.049062 0.028571
4 0.424219 0.428571 0.049062 0.028571
4 0.473281 0.428571 0.049062 0.028571
4 0.522344 0.428571 0.049062 0.028571
4 0.571406 0.428571 0.049062 0.028571
4 0.620469 0.428571 0.049062 0.028571
4 0.669531 0.428571 0.049062 0.028571
4 0.718594 0.428571 0.049062 0.028571
4 0.767656 0.428571 0.049062 0.028571
4 0.816719 0.428571 0.049062 0.028571
4 0.865781 0.428571 0.049062 0.028571
4 0.914844 0.428571 0.049062 0.028571