0 0.500000 0.619048 0.050000 0.076190
4 0.100000 0.159524 0.050000 0.071429
4 0.200000 0.159524 0.050000 0.071429
4 0.300000 0.159524 0.050000 0.071429
4 0.400000 0.159524 0.050000 0.071429
4 0.500000 0.159524 0.050000 0.071429
4 0.600000 0.159524 0.050000 0.071429
4 0.700000 0.159524 0.050000 0.071429
4 0.800000 0.159524 0.050000 0.071429
4 0.900000 0.159524 0.050000 0.071429
4 0.100000 0.273810 0.050000 0.071429
4 0.200000 0.273810 0.050000 0.071429
4 0.300000 0.273810 0.050000 0.071429
4 0.400000 0.273810 0.050000 0.071429
4 0.500000 0.273810 0.050000 0.071429
4 0.600000 0.273810 0.050000 0.071429
4 0.700000 0.273810 0.050000 0.071429
4 0.800000 0.273810 0.050000 0.071429
4 0.900000 0.273810 0.050000 0.071429
4 0.100000 0.388095 0.050000 0.071429
4 0.200000 0.388095 0.050000 0.071429
4 0.300000 0.388095 0.050000 0.071429
4 0.400000 0.388095 0.050000 0.071429
4 0.500000 0.388095 0.050000 0.071429
4 0.600000 0.388095 0.050000 0.071429
4 0.700000 0.388095 0.050000 0.071429
4 0.800000 0.388095 0.050000 0.071429
4 0.900000 0.388095 0.050000 0.071429
4 0.100000 0.502381 0.050000 0.071429
4 0.200000 0.502381 0.050000 0.071429
4 0.300000 0.502381 0.050000 0.071429
4 0.400000 0.502381 0.050000 0.071429
4 0.500000 0.502381 0.050000 0.071429
4 0.600000 0.502381 0.050000 0.071429
4 0.700000 0.502381 0.050000 0.071429
4 0.800000 0.502381 0.050000 0.071429
4 0.900000 0.502381 0.050000 0.071429
4 0.100000 0.616667 0.050000 0.071429
4 0.200000 0.616667 0.050000 0.071429
4 0.300000 0.616667 0.050000 0.071429
4 0.400000 0.616667 0.050000 0.071429
4 0.500000 0.616667 0.050000 0.071429
4 0.600000 0.616667 0.050000 0.071429
4 0.700000 0.616667 0.050000 0.071429
4 0.800000 0.616667 0.050000 0.071429
4 0.900000 0.616667 0.050000 0.071429
4 0.100000 0.730952 0.050000 0.071429
4 0.200000 0.730952 0.050000 0.071429
4 0.300000 0.730952 0.050000 0.071429
4 0.400000 0.730952 0.050000 0.071429
4 0.500000 0.730952 0.050000 0.071429
4 0.600000 0.730952 0.050000 0.071429
4 0.700000 0.730952 0.050000 0.071429
4 0.800000 0.730952 0.050000 0.071429
4 0.900000 0.730952 0.050000 0.071429
4 0.100000 0.845238 0.050000 0.071429
4 0.200000 0.845238 0.050000 0.071429
4 0.300000 0.845238 0.050000 0.071429
4 0.400000 0.845238 0.050000 0.071429
4 0.500000 0.845238 0.050000 0.071429
4 0.600000 0.845238 0.050000 0.071429
4 0.700000 0.845238 0.050000 0.071429
4 0.800000 0.845238 0.050000 0.071429
4 0.900000 0.845238 0.050000 0.071429