0 0.450000 0.842857 0.050000 0.066667
1 0.225000 0.402381 0.037500 0.042857
1 0.325000 0.402381 0.037500 0.042857
1 0.425000 0.402381 0.037500 0.042857
1 0.625000 0.402381 0.037500 0.042857
1 0.725000 0.402381 0.037500 0.042857
1 0.818750 0.402381 0.037500 0.042857
1 0.225000 0.350000 0.037500 0.042857
1 0.325000 0.350000 0.037500 0.042857
1 0.425000 0.350000 0.037500 0.042857
1 0.625000 0.350000 0.037500 0.042857
1 0.725000 0.350000 0.037500 0.042857
1 0.818750 0.350000 0.037500 0.042857
1 0.225000 0.297619 0.037500 0.042857
1 0.325000 0.297619 0.037500 0.042857
1 0.425000 0.297619 0.037500 0.042857
1 0.525000 0.297619 0.037500 0.042857
1 0.625000 0.297619 0.037500 0.042857
1 0.725000 0.297619 0.037500 0.042857
1 0.818750 0.297619 0.037500 0.042857
1 0.325000 0.245238 0.037500 0.042857
1 0.425000 0.245238 0.037500 0.042857
1 0.525000 0.245238 0.037500 0.042857
1 0.625000 0.245238 0.037500 0.042857
1 0.725000 0.245238 0.037500 0.042857
1 0.818750 0.245238 0.037500 0.042857
1 0.325000 0.192857 0.037500 0.042857
1 0.425000 0.192857 0.037500 0.042857
1 0.525000 0.192857 0.037500 0.042857
1 0.625000 0.192857 0.037500 0.042857
1 0.725000 0.192857 0.037500 0.042857
1 0.425000 0.140476 0.037500 0.042857
1 0.625000 0.140476 0.037500 0.042857
1 0.368750 0.633333 0.050000 0.047619
2 0.471875 0.495238 0.006250 0.019048