1 0.162500 0.402381 0.037500 0.042857
1 0.262500 0.402381 0.037500 0.042857
1 0.562500 0.402381 0.037500 0.042857
1 0.662500 0.402381 0.037500 0.042857
1 0.756250 0.402381 0.037500 0.042857
1 0.162500 0.350000 0.037500 0.042857
1 0.262500 0.350000 0.037500 0.042857
1 0.562500 0.350000 0.037500 0.042857
1 0.662500 0.350000 0.037500 0.042857
1 0.756250 0.350000 0.037500 0.042857
1 0.162500 0.297619 0.037500 0.042857
1 0.262500 0.297619 0.037500 0.042857
1 0.462500 0.297619 0.037500 0.042857
1 0.562500 0.297619 0.037500 0.042857
1 0.662500 0.297619 0.037500 0.042857
1 0.756250 0.297619 0.037500 0.042857
1 0.362500 0.245238 0.037500 0.042857
1 0.462500 0.245238 0.037500 0.042857
1 0.562500 0.245238 0.037500 0.042857
1 0.662500 0.245238 0.037500 0.042857
1 0.756250 0.245238 0.037500 0.042857
1 0.262500 0.192857 0.037500 0.042857
1 0.362500 0.192857 0.037500 0.042857
1 0.462500 0.192857 0.037500 0.042857
1 0.562500 0.192857 0.037500 0.042857
1 0.662500 0.192857 0.037500 0.042857
1 0.362500 0.140476 0.037500 0.042857
1 0.562500 0.140476 0.037500 0.042857
1 0.243750 0.590476 0.050000 0.047619
6 0.300000 0.871429 0.012500 0.019048