1 0.231250 0.402381 0.037500 0.042857
1 0.331250 0.402381 0.037500 0.042857
1 0.431250 0.402381 0.037500 0.042857
1 0.531250 0.402381 0.037500 0.042857
1 0.631250 0.402381 0.037500 0.042857
1 0.731250 0.402381 0.037500 0.042857
1 0.825000 0.402381 0.037500 0.042857
1 0.231250 0.350000 0.037500 0.042857
1 0.331250 0.350000 0.037500 0.042857
1 0.431250 0.350000 0.037500 0.042857
1 0.531250 0.350000 0.037500 0.042857
1 0.631250 0.350000 0.037500 0.042857
1 0.731250 0.350000 0.037500 0.042857
1 0.825000 0.350000 0.037500 0.042857
1 0.231250 0.297619 0.037500 0.042857
1 0.331250 0.297619 0.037500 0.042857
1 0.431250 0.297619 0.037500 0.042857
1 0.531250 0.297619 0.037500 0.042857
1 0.631250 0.297619 0.037500 0.042857
1 0.731250 0.297619 0.037500 0.042857
1 0.825000 0.297619 0.037500 0.042857
1 0.331250 0.245238 0.037500 0.042857
1 0.431250 0.245238 0.037500 0.042857
1 0.531250 0.245238 0.037500 0.042857
1 0.631250 0.245238 0.037500 0.042857
1 0.731250 0.245238 0.037500 0.042857
1 0.825000 0.245238 0.037500 0.042857
1 0.331250 0.192857 0.037500 0.042857
1 0.431250 0.192857 0.037500 0.042857
1 0.531250 0.192857 0.037500 0.042857
1 0.631250 0.192857 0.037500 0.042857
1 0.731250 0.192857 0.037500 0.042857
1 0.431250 0.140476 0.037500 0.042857
1 0.631250 0.140476 0.037500 0.042857
1 0.481250 0.571429 0.050000 0.047619
2 0.584375 0.376190 0.006250 0.019048
6 0.562500 0.780952 0.012500 0.019048