0 0.437500 0.842857 0.050000 0.066667
1 0.193750 0.402381 0.037500 0.042857
1 0.293750 0.402381 0.037500 0.042857
1 0.593750 0.402381 0.037500 0.042857
1 0.693750 0.402381 0.037500 0.042857
1 0.787500 0.402381 0.037500 0.042857
1 0.193750 0.350000 0.037500 0.042857
1 0.293750 0.350000 0.037500 0.042857
1 0.593750 0.350000 0.037500 0.042857
1 0.693750 0.350000 0.037500 0.042857
1 0.787500 0.350000 0.037500 0.042857
1 0.193750 0.297619 0.037500 0.042857
1 0.293750 0.297619 0.037500 0.042857
1 0.393750 0.297619 0.037500 0.042857
1 0.493750 0.297619 0.037500 0.042857
1 0.593750 0.297619 0.037500 0.042857
1 0.693750 0.297619 0.037500 0.042857
1 0.787500 0.297619 0.037500 0.042857
1 0.393750 0.245238 0.037500 0.042857
1 0.493750 0.245238 0.037500 0.042857
1 0.593750 0.245238 0.037500 0.042857
1 0.693750 0.245238 0.037500 0.042857
1 0.787500 0.245238 0.037500 0.042857
1 0.293750 0.192857 0.037500 0.042857
1 0.393750 0.192857 0.037500 0.042857
1 0.493750 0.192857 0.037500 0.042857
1 0.593750 0.192857 0.037500 0.042857
1 0.693750 0.192857 0.037500 0.042857
1 0.393750 0.140476 0.037500 0.042857
1 0.593750 0.140476 0.037500 0.042857
1 0.531250 0.352381 0.050000 0.047619
2 0.384375 0.376190 0.006250 0.019048