0 0.837500 0.842857 0.050000 0.066667
1 0.181250 0.402381 0.037500 0.042857
1 0.281250 0.402381 0.037500 0.042857
1 0.381250 0.402381 0.037500 0.042857
1 0.481250 0.402381 0.037500 0.042857
1 0.681250 0.402381 0.037500 0.042857
1 0.181250 0.350000 0.037500 0.042857
1 0.281250 0.350000 0.037500 0.042857
1 0.381250 0.350000 0.037500 0.042857
1 0.481250 0.350000 0.037500 0.042857
1 0.581250 0.350000 0.037500 0.042857
1 0.681250 0.350000 0.037500 0.042857
1 0.775000 0.350000 0.037500 0.042857
1 0.181250 0.297619 0.037500 0.042857
1 0.281250 0.297619 0.037500 0.042857
1 0.381250 0.297619 0.037500 0.042857
1 0.481250 0.297619 0.037500 0.042857
1 0.581250 0.297619 0.037500 0.042857
1 0.681250 0.297619 0.037500 0.042857
1 0.775000 0.297619 0.037500 0.042857
1 0.281250 0.245238 0.037500 0.042857
1 0.381250 0.245238 0.037500 0.042857
1 0.481250 0.245238 0.037500 0.042857
1 0.581250 0.245238 0.037500 0.042857
1 0.681250 0.245238 0.037500 0.042857
1 0.775000 0.245238 0.037500 0.042857
1 0.281250 0.192857 0.037500 0.042857
1 0.381250 0.192857 0.037500 0.042857
1 0.481250 0.192857 0.037500 0.042857
1 0.581250 0.192857 0.037500 0.042857
1 0.681250 0.192857 0.037500 0.042857
1 0.381250 0.140476 0.037500 0.042857
1 0.581250 0.140476 0.037500 0.042857
1 0.187500 0.180952 0.050000 0.047619
2 0.834375 0.733333 0.006250 0.019048