1 0.137500 0.402381 0.037500 0.042857
1 0.237500 0.402381 0.037500 0.042857
1 0.537500 0.402381 0.037500 0.042857
1 0.637500 0.402381 0.037500 0.042857
1 0.731250 0.402381 0.037500 0.042857
1 0.137500 0.350000 0.037500 0.042857
1 0.237500 0.350000 0.037500 0.042857
1 0.537500 0.350000 0.037500 0.042857
1 0.637500 0.350000 0.037500 0.042857
1 0.731250 0.350000 0.037500 0.042857
1 0.137500 0.297619 0.037500 0.042857
1 0.237500 0.297619 0.037500 0.042857
1 0.437500 0.297619 0.037500 0.042857
1 0.537500 0.297619 0.037500 0.042857
1 0.637500 0.297619 0.037500 0.042857
1 0.731250 0.297619 0.037500 0.042857
1 0.337500 0.245238 0.037500 0.042857
1 0.437500 0.245238 0.037500 0.042857
1 0.537500 0.245238 0.037500 0.042857
1 0.637500 0.245238 0.037500 0.042857
1 0.731250 0.245238 0.037500 0.042857
1 0.237500 0.192857 0.037500 0.042857
1 0.337500 0.192857 0.037500 0.042857
1 0.437500 0.192857 0.037500 0.042857
1 0.537500 0.192857 0.037500 0.042857
1 0.637500 0.192857 0.037500 0.042857
1 0.337500 0.140476 0.037500 0.042857
1 0.537500 0.140476 0.037500 0.042857
1 0.493750 0.828571 0.050000 0.047619