1 0.200000 0.402381 0.037500 0.042857
1 0.300000 0.402381 0.037500 0.042857
1 0.400000 0.402381 0.037500 0.042857
1 0.500000 0.402381 0.037500 0.042857
1 0.600000 0.402381 0.037500 0.042857
1 0.700000 0.402381 0.037500 0.042857
1 0.793750 0.402381 0.037500 0.042857
1 0.200000 0.350000 0.037500 0.042857
1 0.300000 0.350000 0.037500 0.042857
1 0.400000 0.350000 0.037500 0.042857
1 0.500000 0.350000 0.037500 0.042857
1 0.600000 0.350000 0.037500 0.042857
1 0.700000 0.350000 0.037500 0.042857
1 0.793750 0.350000 0.037500 0.042857
1 0.200000 0.297619 0.037500 0.042857
1 0.300000 0.297619 0.037500 0.042857
1 0.400000 0.297619 0.037500 0.042857
1 0.500000 0.297619 0.037500 0.042857
1 0.600000 0.297619 0.037500 0.042857
1 0.700000 0.297619 0.037500 0.042857
1 0.793750 0.297619 0.037500 0.042857
1 0.300000 0.245238 0.037500 0.042857
1 0.400000 0.245238 0.037500 0.042857
1 0.500000 0.245238 0.037500 0.042857
1 0.600000 0.245238 0.037500 0.042857
1 0.700000 0.245238 0.037500 0.042857
1 0.793750 0.245238 0.037500 0.042857
1 0.300000 0.192857 0.037500 0.042857
1 0.400000 0.192857 0.037500 0.042857
1 0.500000 0.192857 0.037500 0.042857
1 0.600000 0.192857 0.037500 0.042857
1 0.700000 0.192857 0.037500 0.042857
1 0.400000 0.140476 0.037500 0.042857
1 0.600000 0.140476 0.037500 0.042857
1 0.775000 0.809524 0.050000 0.047619