0 0.712500 0.842857 0.050000 0.066667
1 0.206250 0.402381 0.037500 0.042857
1 0.306250 0.402381 0.037500 0.042857
1 0.406250 0.402381 0.037500 0.042857
1 0.506250 0.402381 0.037500 0.042857
1 0.706250 0.402381 0.037500 0.042857
1 0.800000 0.402381 0.037500 0.042857
1 0.206250 0.350000 0.037500 0.042857
1 0.306250 0.350000 0.037500 0.042857
1 0.406250 0.350000 0.037500 0.042857
1 0.506250 0.350000 0.037500 0.042857
1 0.606250 0.350000 0.037500 0.042857
1 0.706250 0.350000 0.037500 0.042857
1 0.800000 0.350000 0.037500 0.042857
1 0.206250 0.297619 0.037500 0.042857
1 0.306250 0.297619 0.037500 0.042857
1 0.406250 0.297619 0.037500 0.042857
1 0.506250 0.297619 0.037500 0.042857
1 0.606250 0.297619 0.037500 0.042857
1 0.706250 0.297619 0.037500 0.042857
1 0.800000 0.297619 0.037500 0.042857
1 0.306250 0.245238 0.037500 0.042857
1 0.406250 0.245238 0.037500 0.042857
1 0.506250 0.245238 0.037500 0.042857
1 0.606250 0.245238 0.037500 0.042857
1 0.706250 0.245238 0.037500 0.042857
1 0.800000 0.245238 0.037500 0.042857
1 0.306250 0.192857 0.037500 0.042857
1 0.406250 0.192857 0.037500 0.042857
1 0.506250 0.192857 0.037500 0.042857
1 0.606250 0.192857 0.037500 0.042857
1 0.706250 0.192857 0.037500 0.042857
1 0.406250 0.140476 0.037500 0.042857
1 0.606250 0.140476 0.037500 0.042857
1 0.462500 0.747619 0.050000 0.047619
2 0.678125 0.542857 0.006250 0.019048