0 0.500000 0.842857 0.050000 0.066667
1 0.262500 0.402381 0.037500 0.042857
1 0.362500 0.402381 0.037500 0.042857
1 0.462500 0.402381 0.037500 0.042857
1 0.562500 0.402381 0.037500 0.042857
1 0.662500 0.402381 0.037500 0.042857
1 0.762500 0.402381 0.037500 0.042857
1 0.856250 0.402381 0.037500 0.042857
1 0.262500 0.350000 0.037500 0.042857
1 0.362500 0.350000 0.037500 0.042857
1 0.462500 0.350000 0.037500 0.042857
1 0.562500 0.350000 0.037500 0.042857
1 0.662500 0.350000 0.037500 0.042857
1 0.762500 0.350000 0.037500 0.042857
1 0.856250 0.350000 0.037500 0.042857
1 0.262500 0.297619 0.037500 0.042857
1 0.362500 0.297619 0.037500 0.042857
1 0.462500 0.297619 0.037500 0.042857
1 0.562500 0.297619 0.037500 0.042857
1 0.662500 0.297619 0.037500 0.042857
1 0.762500 0.297619 0.037500 0.042857
1 0.856250 0.297619 0.037500 0.042857
1 0.362500 0.245238 0.037500 0.042857
1 0.462500 0.245238 0.037500 0.042857
1 0.562500 0.245238 0.037500 0.042857
1 0.662500 0.245238 0.037500 0.042857
1 0.762500 0.245238 0.037500 0.042857
1 0.856250 0.245238 0.037500 0.042857
1 0.362500 0.192857 0.037500 0.042857
1 0.462500 0.192857 0.037500 0.042857
1 0.562500 0.192857 0.037500 0.042857
1 0.662500 0.192857 0.037500 0.042857
1 0.762500 0.192857 0.037500 0.042857
1 0.462500 0.140476 0.037500 0.042857
1 0.662500 0.140476 0.037500 0.042857
1 0.500000 0.333333 0.050000 0.047619
2 0.521875 0.614286 0.006250 0.019048