0 0.637500 0.842857 0.050000 0.066667
1 0.237500 0.402381 0.037500 0.042857
1 0.337500 0.402381 0.037500 0.042857
1 0.437500 0.402381 0.037500 0.042857
1 0.537500 0.402381 0.037500 0.042857
1 0.737500 0.402381 0.037500 0.042857
1 0.831250 0.402381 0.037500 0.042857
1 0.237500 0.350000 0.037500 0.042857
1 0.337500 0.350000 0.037500 0.042857
1 0.437500 0.350000 0.037500 0.042857
1 0.537500 0.350000 0.037500 0.042857
1 0.637500 0.350000 0.037500 0.042857
1 0.737500 0.350000 0.037500 0.042857
1 0.831250 0.350000 0.037500 0.042857
1 0.237500 0.297619 0.037500 0.042857
1 0.337500 0.297619 0.037500 0.042857
1 0.437500 0.297619 0.037500 0.042857
1 0.537500 0.297619 0.037500 0.042857
1 0.637500 0.297619 0.037500 0.042857
1 0.737500 0.297619 0.037500 0.042857
1 0.831250 0.297619 0.037500 0.042857
1 0.337500 0.245238 0.037500 0.042857
1 0.437500 0.245238 0.037500 0.042857
1 0.537500 0.245238 0.037500 0.042857
1 0.637500 0.245238 0.037500 0.042857
1 0.737500 0.245238 0.037500 0.042857
1 0.831250 0.245238 0.037500 0.042857
1 0.337500 0.192857 0.037500 0.042857
1 0.437500 0.192857 0.037500 0.042857
1 0.537500 0.192857 0.037500 0.042857
1 0.637500 0.192857 0.037500 0.042857
1 0.737500 0.192857 0.037500 0.042857
1 0.437500 0.140476 0.037500 0.042857
1 0.637500 0.140476 0.037500 0.042857
1 0.800000 0.509524 0.050000 0.047619
2 0.659375 0.709524 0.006250 0.019048
2 0.781250 0.609524 0.012500 0.019048
2 0.781250 0.495238 0.012500 0.019048