0 0.428125 0.904762 0.043750 0.047619
1 0.368750 0.219048 0.050000 0.047619
1 0.468750 0.219048 0.050000 0.047619
1 0.568750 0.219048 0.050000 0.047619
1 0.368750 0.304762 0.050000 0.047619
1 0.468750 0.304762 0.050000 0.047619
1 0.568750 0.304762 0.050000 0.047619
1 0.368750 0.390476 0.050000 0.047619
1 0.468750 0.390476 0.050000 0.047619
1 0.568750 0.390476 0.050000 0.047619
1 0.468750 0.476190 0.050000 0.047619
1 0.568750 0.476190 0.050000 0.047619
1 0.468750 0.561905 0.050000 0.047619
1 0.568750 0.561905 0.050000 0.047619
1 0.468750 0.647619 0.050000 0.047619
1 0.568750 0.647619 0.050000 0.047619
2 0.334375 0.200000 0.006250 0.047619
2 0.396875 0.733333 0.006250 0.047619
2 0.471875 0.704762 0.006250 0.047619
3 0.315625 0.071429 0.043750 0.038095