0 0.384375 0.904762 0.043750 0.047619
1 0.356250 0.314286 0.050000 0.047619
1 0.456250 0.314286 0.050000 0.047619
1 0.556250 0.314286 0.050000 0.047619
1 0.656250 0.314286 0.050000 0.047619
1 0.756250 0.314286 0.050000 0.047619
1 0.456250 0.400000 0.050000 0.047619
1 0.556250 0.400000 0.050000 0.047619
1 0.656250 0.400000 0.050000 0.047619
1 0.756250 0.400000 0.050000 0.047619
1 0.356250 0.485714 0.050000 0.047619
1 0.456250 0.485714 0.050000 0.047619
1 0.556250 0.485714 0.050000 0.047619
1 0.656250 0.485714 0.050000 0.047619
1 0.756250 0.485714 0.050000 0.047619
1 0.356250 0.571429 0.050000 0.047619
1 0.456250 0.571429 0.050000 0.047619
1 0.556250 0.571429 0.050000 0.047619
1 0.656250 0.571429 0.050000 0.047619
1 0.756250 0.571429 0.050000 0.047619
1 0.356250 0.657143 0.050000 0.047619
1 0.456250 0.657143 0.050000 0.047619
1 0.556250 0.657143 0.050000 0.047619
1 0.656250 0.657143 0.050000 0.047619
1 0.756250 0.657143 0.050000 0.047619
1 0.456250 0.742857 0.050000 0.047619
1 0.556250 0.742857 0.050000 0.047619
1 0.656250 0.742857 0.050000 0.047619
1 0.756250 0.742857 0.050000 0.047619
2 0.303125 0.542857 0.006250 0.047619
3 0.934375 0.071429 0.043750 0.038095