0 0.340625 0.904762 0.043750 0.047619
1 0.243750 0.171429 0.050000 0.047619
1 0.343750 0.171429 0.050000 0.047619
1 0.443750 0.171429 0.050000 0.047619
1 0.543750 0.171429 0.050000 0.047619
1 0.643750 0.171429 0.050000 0.047619
1 0.743750 0.171429 0.050000 0.047619
1 0.243750 0.257143 0.050000 0.047619
1 0.343750 0.257143 0.050000 0.047619
1 0.443750 0.257143 0.050000 0.047619
1 0.543750 0.257143 0.050000 0.047619
1 0.643750 0.257143 0.050000 0.047619
1 0.743750 0.257143 0.050000 0.047619
1 0.243750 0.342857 0.050000 0.047619
1 0.343750 0.342857 0.050000 0.047619
1 0.443750 0.342857 0.050000 0.047619
1 0.543750 0.342857 0.050000 0.047619
1 0.643750 0.342857 0.050000 0.047619
1 0.743750 0.342857 0.050000 0.047619
1 0.243750 0.428571 0.050000 0.047619
1 0.343750 0.428571 0.050000 0.047619
1 0.443750 0.428571 0.050000 0.047619
1 0.543750 0.428571 0.050000 0.047619
1 0.643750 0.428571 0.050000 0.047619
1 0.743750 0.428571 0.050000 0.047619
1 0.243750 0.514286 0.050000 0.047619
1 0.343750 0.514286 0.050000 0.047619
1 0.443750 0.514286 0.050000 0.047619
1 0.543750 0.514286 0.050000 0.047619
1 0.643750 0.514286 0.050000 0.047619
1 0.743750 0.514286 0.050000 0.047619
1 0.243750 0.600000 0.050000 0.047619
1 0.343750 0.600000 0.050000 0.047619
1 0.443750 0.600000 0.050000 0.047619
1 0.543750 0.600000 0.050000 0.047619
1 0.643750 0.600000 0.050000 0.047619
1 0.743750 0.600000 0.050000 0.047619
2 0.303125 0.823810 0.006250 0.047619
2 0.446875 0.680952 0.006250 0.047619
2 0.234375 0.966667 0.006250 0.047619