0 0.371875 0.904762 0.043750 0.047619
1 0.206250 0.266667 0.050000 0.047619
1 0.306250 0.266667 0.050000 0.047619
1 0.406250 0.266667 0.050000 0.047619
1 0.506250 0.266667 0.050000 0.047619
1 0.606250 0.266667 0.050000 0.047619
1 0.706250 0.266667 0.050000 0.047619
1 0.206250 0.352381 0.050000 0.047619
1 0.306250 0.352381 0.050000 0.047619
1 0.406250 0.352381 0.050000 0.047619
1 0.506250 0.352381 0.050000 0.047619
1 0.606250 0.352381 0.050000 0.047619
1 0.706250 0.352381 0.050000 0.047619
1 0.306250 0.438095 0.050000 0.047619
1 0.406250 0.438095 0.050000 0.047619
1 0.506250 0.438095 0.050000 0.047619
1 0.606250 0.438095 0.050000 0.047619
1 0.706250 0.438095 0.050000 0.047619
1 0.206250 0.523810 0.050000 0.047619
1 0.406250 0.523810 0.050000 0.047619
1 0.506250 0.523810 0.050000 0.047619
1 0.606250 0.523810 0.050000 0.047619
1 0.706250 0.523810 0.050000 0.047619
1 0.406250 0.609524 0.050000 0.047619
1 0.506250 0.609524 0.050000 0.047619
1 0.606250 0.609524 0.050000 0.047619
1 0.706250 0.609524 0.050000 0.047619
1 0.406250 0.695238 0.050000 0.047619
1 0.506250 0.695238 0.050000 0.047619
1 0.606250 0.695238 0.050000 0.047619
1 0.706250 0.695238 0.050000 0.047619
2 0.346875 0.542857 0.006250 0.047619
2 0.403125 0.876190 0.006250 0.047619
3 0.965625 0.071429 0.043750 0.038095