0 0.321875 0.904762 0.043750 0.047619
1 0.175000 0.266667 0.050000 0.047619
1 0.275000 0.266667 0.050000 0.047619
1 0.375000 0.266667 0.050000 0.047619
1 0.475000 0.266667 0.050000 0.047619
1 0.275000 0.352381 0.050000 0.047619
1 0.375000 0.352381 0.050000 0.047619
1 0.475000 0.352381 0.050000 0.047619
1 0.275000 0.438095 0.050000 0.047619
1 0.375000 0.438095 0.050000 0.047619
1 0.475000 0.438095 0.050000 0.047619
1 0.275000 0.523810 0.050000 0.047619
1 0.375000 0.523810 0.050000 0.047619
1 0.475000 0.523810 0.050000 0.047619
1 0.275000 0.609524 0.050000 0.047619
1 0.375000 0.609524 0.050000 0.047619
1 0.475000 0.609524 0.050000 0.047619
1 0.375000 0.695238 0.050000 0.047619
1 0.475000 0.695238 0.050000 0.047619
2 0.378125 0.752381 0.006250 0.047619
3 0.259375 0.071429 0.043750 0.038095