0 0.278125 0.904762 0.043750 0.047619
1 0.162500 0.219048 0.050000 0.047619
1 0.262500 0.219048 0.050000 0.047619
1 0.362500 0.219048 0.050000 0.047619
1 0.462500 0.219048 0.050000 0.047619
1 0.562500 0.219048 0.050000 0.047619
1 0.662500 0.219048 0.050000 0.047619
1 0.362500 0.304762 0.050000 0.047619
1 0.462500 0.304762 0.050000 0.047619
1 0.562500 0.304762 0.050000 0.047619
1 0.662500 0.304762 0.050000 0.047619
1 0.262500 0.390476 0.050000 0.047619
1 0.362500 0.390476 0.050000 0.047619
1 0.462500 0.390476 0.050000 0.047619
1 0.562500 0.390476 0.050000 0.047619
1 0.662500 0.390476 0.050000 0.047619
1 0.262500 0.476190 0.050000 0.047619
1 0.362500 0.476190 0.050000 0.047619
1 0.462500 0.476190 0.050000 0.047619
1 0.562500 0.476190 0.050000 0.047619
1 0.662500 0.476190 0.050000 0.047619
1 0.262500 0.561905 0.050000 0.047619
1 0.362500 0.561905 0.050000 0.047619
1 0.462500 0.561905 0.050000 0.047619
1 0.562500 0.561905 0.050000 0.047619
1 0.662500 0.561905 0.050000 0.047619
1 0.262500 0.647619 0.050000 0.047619
1 0.362500 0.647619 0.050000 0.047619
1 0.462500 0.647619 0.050000 0.047619
1 0.562500 0.647619 0.050000 0.047619
1 0.662500 0.647619 0.050000 0.047619
2 0.578125 0.938095 0.006250 0.047619