0 0.278125 0.904762 0.043750 0.047619
1 0.368750 0.266667 0.050000 0.047619
1 0.468750 0.266667 0.050000 0.047619
1 0.568750 0.266667 0.050000 0.047619
1 0.368750 0.352381 0.050000 0.047619
1 0.468750 0.352381 0.050000 0.047619
1 0.568750 0.352381 0.050000 0.047619
1 0.368750 0.438095 0.050000 0.047619
1 0.468750 0.438095 0.050000 0.047619
1 0.568750 0.438095 0.050000 0.047619
1 0.368750 0.523810 0.050000 0.047619
1 0.468750 0.523810 0.050000 0.047619
1 0.568750 0.523810 0.050000 0.047619
1 0.368750 0.609524 0.050000 0.047619
1 0.468750 0.609524 0.050000 0.047619
1 0.568750 0.609524 0.050000 0.047619
1 0.468750 0.695238 0.050000 0.047619
1 0.568750 0.695238 0.050000 0.047619
2 0.240625 0.442857 0.006250 0.047619
2 0.371875 0.666667 0.006250 0.047619
2 0.346875 0.952381 0.006250 0.047619