0 0.290625 0.904762 0.043750 0.047619
1 0.193750 0.219048 0.050000 0.047619
1 0.293750 0.219048 0.050000 0.047619
1 0.393750 0.219048 0.050000 0.047619
1 0.493750 0.219048 0.050000 0.047619
1 0.593750 0.219048 0.050000 0.047619
1 0.693750 0.219048 0.050000 0.047619
1 0.293750 0.304762 0.050000 0.047619
1 0.393750 0.304762 0.050000 0.047619
1 0.493750 0.304762 0.050000 0.047619
1 0.593750 0.304762 0.050000 0.047619
1 0.693750 0.304762 0.050000 0.047619
1 0.293750 0.390476 0.050000 0.047619
1 0.393750 0.390476 0.050000 0.047619
1 0.493750 0.390476 0.050000 0.047619
1 0.593750 0.390476 0.050000 0.047619
1 0.693750 0.390476 0.050000 0.047619
1 0.293750 0.476190 0.050000 0.047619
1 0.393750 0.476190 0.050000 0.047619
1 0.493750 0.476190 0.050000 0.047619
1 0.593750 0.476190 0.050000 0.047619
1 0.693750 0.476190 0.050000 0.047619
1 0.293750 0.561905 0.050000 0.047619
1 0.393750 0.561905 0.050000 0.047619
1 0.493750 0.561905 0.050000 0.047619
1 0.593750 0.561905 0.050000 0.047619
1 0.693750 0.561905 0.050000 0.047619
1 0.293750 0.647619 0.050000 0.047619
1 0.393750 0.647619 0.050000 0.047619
1 0.493750 0.647619 0.050000 0.047619
1 0.593750 0.647619 0.050000 0.047619
1 0.693750 0.647619 0.050000 0.047619
2 0.265625 0.842857 0.006250 0.047619
2 0.403125 0.747619 0.006250 0.047619
3 0.984375 0.071429 0.043750 0.038095