0 0.371875 0.904762 0.043750 0.047619
1 0.206250 0.171429 0.050000 0.047619
1 0.406250 0.171429 0.050000 0.047619
1 0.506250 0.171429 0.050000 0.047619
1 0.606250 0.171429 0.050000 0.047619
1 0.706250 0.171429 0.050000 0.047619
1 0.206250 0.257143 0.050000 0.047619
1 0.306250 0.257143 0.050000 0.047619
1 0.406250 0.257143 0.050000 0.047619
1 0.506250 0.257143 0.050000 0.047619
1 0.606250 0.257143 0.050000 0.047619
1 0.706250 0.257143 0.050000 0.047619
1 0.206250 0.342857 0.050000 0.047619
1 0.306250 0.342857 0.050000 0.047619
1 0.406250 0.342857 0.050000 0.047619
1 0.506250 0.342857 0.050000 0.047619
1 0.606250 0.342857 0.050000 0.047619
1 0.706250 0.342857 0.050000 0.047619
1 0.206250 0.428571 0.050000 0.047619
1 0.306250 0.428571 0.050000 0.047619
1 0.406250 0.428571 0.050000 0.047619
1 0.506250 0.428571 0.050000 0.047619
1 0.606250 0.428571 0.050000 0.047619
1 0.706250 0.428571 0.050000 0.047619
1 0.206250 0.514286 0.050000 0.047619
1 0.306250 0.514286 0.050000 0.047619
1 0.406250 0.514286 0.050000 0.047619
1 0.506250 0.514286 0.050000 0.047619
1 0.606250 0.514286 0.050000 0.047619
1 0.706250 0.514286 0.050000 0.047619
1 0.206250 0.600000 0.050000 0.047619
1 0.306250 0.600000 0.050000 0.047619
1 0.406250 0.600000 0.050000 0.047619
1 0.506250 0.600000 0.050000 0.047619
1 0.606250 0.600000 0.050000 0.047619
1 0.706250 0.600000 0.050000 0.047619
2 0.315625 0.690476 0.006250 0.047619
2 0.596875 0.980952 0.006250 0.047619
2 0.709375 0.695238 0.006250 0.047619