0 0.284375 0.904762 0.043750 0.047619
1 0.493750 0.219048 0.050000 0.047619
1 0.593750 0.219048 0.050000 0.047619
1 0.693750 0.219048 0.050000 0.047619
1 0.793750 0.219048 0.050000 0.047619
1 0.493750 0.304762 0.050000 0.047619
1 0.593750 0.304762 0.050000 0.047619
1 0.693750 0.304762 0.050000 0.047619
1 0.793750 0.304762 0.050000 0.047619
1 0.593750 0.390476 0.050000 0.047619
1 0.693750 0.390476 0.050000 0.047619
1 0.793750 0.390476 0.050000 0.047619
1 0.593750 0.476190 0.050000 0.047619
1 0.693750 0.476190 0.050000 0.047619
1 0.793750 0.476190 0.050000 0.047619
1 0.593750 0.561905 0.050000 0.047619
1 0.693750 0.561905 0.050000 0.047619
1 0.793750 0.561905 0.050000 0.047619
1 0.593750 0.647619 0.050000 0.047619
1 0.693750 0.647619 0.050000 0.047619
1 0.793750 0.647619 0.050000 0.047619
2 0.253125 0.252381 0.006250 0.047619
2 0.809375 0.800000 0.006250 0.047619