0 0.340625 0.904762 0.043750 0.047619
1 0.525000 0.219048 0.050000 0.047619
1 0.625000 0.219048 0.050000 0.047619
1 0.725000 0.219048 0.050000 0.047619
1 0.525000 0.304762 0.050000 0.047619
1 0.625000 0.304762 0.050000 0.047619
1 0.725000 0.304762 0.050000 0.047619
1 0.525000 0.390476 0.050000 0.047619
1 0.625000 0.390476 0.050000 0.047619
1 0.725000 0.390476 0.050000 0.047619
1 0.625000 0.476190 0.050000 0.047619
1 0.725000 0.476190 0.050000 0.047619
1 0.625000 0.561905 0.050000 0.047619
1 0.725000 0.561905 0.050000 0.047619
1 0.625000 0.647619 0.050000 0.047619
1 0.725000 0.647619 0.050000 0.047619
2 0.559375 0.828571 0.006250 0.047619
2 0.734375 0.800000 0.006250 0.047619