0 0.303125 0.904762 0.043750 0.047619
1 0.243750 0.219048 0.050000 0.047619
1 0.343750 0.219048 0.050000 0.047619
1 0.443750 0.219048 0.050000 0.047619
1 0.543750 0.219048 0.050000 0.047619
1 0.643750 0.219048 0.050000 0.047619
1 0.743750 0.219048 0.050000 0.047619
1 0.343750 0.304762 0.050000 0.047619
1 0.443750 0.304762 0.050000 0.047619
1 0.543750 0.304762 0.050000 0.047619
1 0.643750 0.304762 0.050000 0.047619
1 0.743750 0.304762 0.050000 0.047619
1 0.343750 0.390476 0.050000 0.047619
1 0.443750 0.390476 0.050000 0.047619
1 0.543750 0.390476 0.050000 0.047619
1 0.643750 0.390476 0.050000 0.047619
1 0.743750 0.390476 0.050000 0.047619
1 0.243750 0.476190 0.050000 0.047619
1 0.343750 0.476190 0.050000 0.047619
1 0.443750 0.476190 0.050000 0.047619
1 0.543750 0.476190 0.050000 0.047619
1 0.643750 0.476190 0.050000 0.047619
1 0.743750 0.476190 0.050000 0.047619
1 0.343750 0.561905 0.050000 0.047619
1 0.443750 0.561905 0.050000 0.047619
1 0.543750 0.561905 0.050000 0.047619
1 0.643750 0.561905 0.050000 0.047619
1 0.743750 0.561905 0.050000 0.047619
1 0.343750 0.647619 0.050000 0.047619
1 0.443750 0.647619 0.050000 0.047619
1 0.543750 0.647619 0.050000 0.047619
1 0.643750 0.647619 0.050000 0.047619
1 0.743750 0.647619 0.050000 0.047619
2 0.246875 0.714286 0.006250 0.047619
2 0.646875 0.747619 0.006250 0.047619
3 0.609375 0.071429 0.043750 0.038095