0 0.303125 0.904762 0.043750 0.047619
1 0.312500 0.219048 0.050000 0.047619
1 0.412500 0.219048 0.050000 0.047619
1 0.512500 0.219048 0.050000 0.047619
1 0.612500 0.219048 0.050000 0.047619
1 0.712500 0.219048 0.050000 0.047619
1 0.812500 0.219048 0.050000 0.047619
1 0.312500 0.304762 0.050000 0.047619
1 0.412500 0.304762 0.050000 0.047619
1 0.512500 0.304762 0.050000 0.047619
1 0.612500 0.304762 0.050000 0.047619
1 0.712500 0.304762 0.050000 0.047619
1 0.812500 0.304762 0.050000 0.047619
1 0.312500 0.390476 0.050000 0.047619
1 0.412500 0.390476 0.050000 0.047619
1 0.512500 0.390476 0.050000 0.047619
1 0.612500 0.390476 0.050000 0.047619
1 0.712500 0.390476 0.050000 0.047619
1 0.812500 0.390476 0.050000 0.047619
1 0.312500 0.476190 0.050000 0.047619
1 0.412500 0.476190 0.050000 0.047619
1 0.512500 0.476190 0.050000 0.047619
1 0.612500 0.476190 0.050000 0.047619
1 0.712500 0.476190 0.050000 0.047619
1 0.812500 0.476190 0.050000 0.047619
1 0.312500 0.561905 0.050000 0.047619
1 0.412500 0.561905 0.050000 0.047619
1 0.512500 0.561905 0.050000 0.047619
1 0.612500 0.561905 0.050000 0.047619
1 0.712500 0.561905 0.050000 0.047619
1 0.812500 0.561905 0.050000 0.047619
1 0.312500 0.647619 0.050000 0.047619
1 0.412500 0.647619 0.050000 0.047619
1 0.512500 0.647619 0.050000 0.047619
1 0.612500 0.647619 0.050000 0.047619
1 0.712500 0.647619 0.050000 0.047619
1 0.812500 0.647619 0.050000 0.047619
2 0.253125 0.290476 0.006250 0.047619
2 0.615625 0.771429 0.006250 0.047619
2 0.428125 1.009524 0.006250 0.047619
3 0.059375 0.071429 0.043750 0.038095