0 0.328125 0.904762 0.043750 0.047619
1 0.181250 0.219048 0.050000 0.047619
1 0.281250 0.219048 0.050000 0.047619
1 0.381250 0.219048 0.050000 0.047619
1 0.481250 0.219048 0.050000 0.047619
1 0.281250 0.304762 0.050000 0.047619
1 0.381250 0.304762 0.050000 0.047619
1 0.481250 0.304762 0.050000 0.047619
1 0.281250 0.390476 0.050000 0.047619
1 0.381250 0.390476 0.050000 0.047619
1 0.481250 0.390476 0.050000 0.047619
1 0.281250 0.476190 0.050000 0.047619
1 0.381250 0.476190 0.050000 0.047619
1 0.481250 0.476190 0.050000 0.047619
1 0.281250 0.561905 0.050000 0.047619
1 0.381250 0.561905 0.050000 0.047619
1 0.481250 0.561905 0.050000 0.047619
1 0.381250 0.647619 0.050000 0.047619
1 0.481250 0.647619 0.050000 0.047619
2 0.403125 0.895238 0.006250 0.047619
3 0.384375 0.071429 0.043750 0.038095