0 0.471875 0.904762 0.043750 0.047619
1 0.506250 0.314286 0.050000 0.047619
1 0.606250 0.314286 0.050000 0.047619
1 0.706250 0.314286 0.050000 0.047619
1 0.506250 0.400000 0.050000 0.047619
1 0.606250 0.400000 0.050000 0.047619
1 0.706250 0.400000 0.050000 0.047619
1 0.506250 0.485714 0.050000 0.047619
1 0.606250 0.485714 0.050000 0.047619
1 0.706250 0.485714 0.050000 0.047619
1 0.506250 0.571429 0.050000 0.047619
1 0.606250 0.571429 0.050000 0.047619
1 0.706250 0.571429 0.050000 0.047619
1 0.506250 0.657143 0.050000 0.047619
1 0.606250 0.657143 0.050000 0.047619
1 0.706250 0.657143 0.050000 0.047619
1 0.606250 0.742857 0.050000 0.047619
1 0.706250 0.742857 0.050000 0.047619
2 0.390625 0.171429 0.006250 0.047619
2 0.534375 1.000000 0.006250 0.047619
2 0.709375 0.800000 0.006250 0.047619