0 0.296875 0.904762 0.043750 0.047619
1 0.268750 0.266667 0.050000 0.047619
1 0.368750 0.266667 0.050000 0.047619
1 0.468750 0.266667 0.050000 0.047619
1 0.568750 0.266667 0.050000 0.047619
1 0.668750 0.266667 0.050000 0.047619
1 0.768750 0.266667 0.050000 0.047619
1 0.468750 0.352381 0.050000 0.047619
1 0.568750 0.352381 0.050000 0.047619
1 0.668750 0.352381 0.050000 0.047619
1 0.768750 0.352381 0.050000 0.047619
1 0.368750 0.438095 0.050000 0.047619
1 0.468750 0.438095 0.050000 0.047619
1 0.568750 0.438095 0.050000 0.047619
1 0.668750 0.438095 0.050000 0.047619
1 0.768750 0.438095 0.050000 0.047619
1 0.368750 0.523810 0.050000 0.047619
1 0.468750 0.523810 0.050000 0.047619
1 0.568750 0.523810 0.050000 0.047619
1 0.668750 0.523810 0.050000 0.047619
1 0.768750 0.523810 0.050000 0.047619
1 0.368750 0.609524 0.050000 0.047619
1 0.468750 0.609524 0.050000 0.047619
1 0.568750 0.609524 0.050000 0.047619
1 0.668750 0.609524 0.050000 0.047619
1 0.768750 0.609524 0.050000 0.047619
1 0.468750 0.695238 0.050000 0.047619
1 0.568750 0.695238 0.050000 0.047619
1 0.668750 0.695238 0.050000 0.047619
1 0.768750 0.695238 0.050000 0.047619
2 0.278125 0.423810 0.006250 0.047619
3 0.434375 0.071429 0.043750 0.038095