0 0.303125 0.904762 0.043750 0.047619
1 0.175000 0.171429 0.050000 0.047619
1 0.375000 0.171429 0.050000 0.047619
1 0.475000 0.171429 0.050000 0.047619
1 0.575000 0.171429 0.050000 0.047619
1 0.675000 0.171429 0.050000 0.047619
1 0.175000 0.257143 0.050000 0.047619
1 0.275000 0.257143 0.050000 0.047619
1 0.375000 0.257143 0.050000 0.047619
1 0.475000 0.257143 0.050000 0.047619
1 0.575000 0.257143 0.050000 0.047619
1 0.675000 0.257143 0.050000 0.047619
1 0.175000 0.342857 0.050000 0.047619
1 0.275000 0.342857 0.050000 0.047619
1 0.375000 0.342857 0.050000 0.047619
1 0.475000 0.342857 0.050000 0.047619
1 0.575000 0.342857 0.050000 0.047619
1 0.675000 0.342857 0.050000 0.047619
1 0.175000 0.428571 0.050000 0.047619
1 0.275000 0.428571 0.050000 0.047619
1 0.375000 0.428571 0.050000 0.047619
1 0.475000 0.428571 0.050000 0.047619
1 0.575000 0.428571 0.050000 0.047619
1 0.675000 0.428571 0.050000 0.047619
1 0.175000 0.514286 0.050000 0.047619
1 0.275000 0.514286 0.050000 0.047619
1 0.375000 0.514286 0.050000 0.047619
1 0.475000 0.514286 0.050000 0.047619
1 0.575000 0.514286 0.050000 0.047619
1 0.675000 0.514286 0.050000 0.047619
1 0.175000 0.600000 0.050000 0.047619
1 0.275000 0.600000 0.050000 0.047619
1 0.375000 0.600000 0.050000 0.047619
1 0.475000 0.600000 0.050000 0.047619
1 0.575000 0.600000 0.050000 0.047619
1 0.675000 0.600000 0.050000 0.047619
2 0.240625 0.461905 0.006250 0.047619
2 0.571875 0.790476 0.006250 0.047619