0 0.328125 0.904762 0.043750 0.047619
1 0.431250 0.266667 0.050000 0.047619
1 0.531250 0.266667 0.050000 0.047619
1 0.631250 0.266667 0.050000 0.047619
1 0.431250 0.352381 0.050000 0.047619
1 0.531250 0.352381 0.050000 0.047619
1 0.631250 0.352381 0.050000 0.047619
1 0.431250 0.438095 0.050000 0.047619
1 0.531250 0.438095 0.050000 0.047619
1 0.631250 0.438095 0.050000 0.047619
1 0.431250 0.523810 0.050000 0.047619
1 0.531250 0.523810 0.050000 0.047619
1 0.631250 0.523810 0.050000 0.047619
1 0.431250 0.609524 0.050000 0.047619
1 0.531250 0.609524 0.050000 0.047619
1 0.631250 0.609524 0.050000 0.047619
1 0.531250 0.695238 0.050000 0.047619
1 0.631250 0.695238 0.050000 0.047619
2 0.284375 0.852381 0.006250 0.047619
2 0.515625 0.942857 0.006250 0.047619