0 0.315625 0.904762 0.043750 0.047619
1 0.181250 0.171429 0.050000 0.047619
1 0.281250 0.171429 0.050000 0.047619
1 0.381250 0.171429 0.050000 0.047619
1 0.481250 0.171429 0.050000 0.047619
1 0.581250 0.171429 0.050000 0.047619
1 0.681250 0.171429 0.050000 0.047619
1 0.181250 0.257143 0.050000 0.047619
1 0.281250 0.257143 0.050000 0.047619
1 0.381250 0.257143 0.050000 0.047619
1 0.481250 0.257143 0.050000 0.047619
1 0.581250 0.257143 0.050000 0.047619
1 0.681250 0.257143 0.050000 0.047619
1 0.181250 0.342857 0.050000 0.047619
1 0.281250 0.342857 0.050000 0.047619
1 0.381250 0.342857 0.050000 0.047619
1 0.481250 0.342857 0.050000 0.047619
1 0.581250 0.342857 0.050000 0.047619
1 0.681250 0.342857 0.050000 0.047619
1 0.281250 0.428571 0.050000 0.047619
1 0.381250 0.428571 0.050000 0.047619
1 0.481250 0.428571 0.050000 0.047619
1 0.581250 0.428571 0.050000 0.047619
1 0.681250 0.428571 0.050000 0.047619
1 0.381250 0.514286 0.050000 0.047619
1 0.481250 0.514286 0.050000 0.047619
1 0.581250 0.514286 0.050000 0.047619
1 0.681250 0.514286 0.050000 0.047619
1 0.281250 0.600000 0.050000 0.047619
1 0.381250 0.600000 0.050000 0.047619
1 0.481250 0.600000 0.050000 0.047619
1 0.581250 0.600000 0.050000 0.047619
1 0.681250 0.600000 0.050000 0.047619
2 0.240625 0.276190 0.006250 0.047619
2 0.584375 0.671429 0.006250 0.047619