0 0.278125 0.904762 0.043750 0.047619
1 0.431250 0.171429 0.050000 0.047619
1 0.531250 0.171429 0.050000 0.047619
1 0.631250 0.171429 0.050000 0.047619
1 0.731250 0.171429 0.050000 0.047619
1 0.431250 0.257143 0.050000 0.047619
1 0.531250 0.257143 0.050000 0.047619
1 0.631250 0.257143 0.050000 0.047619
1 0.731250 0.257143 0.050000 0.047619
1 0.531250 0.342857 0.050000 0.047619
1 0.631250 0.342857 0.050000 0.047619
1 0.731250 0.342857 0.050000 0.047619
1 0.531250 0.428571 0.050000 0.047619
1 0.631250 0.428571 0.050000 0.047619
1 0.731250 0.428571 0.050000 0.047619
1 0.531250 0.514286 0.050000 0.047619
1 0.631250 0.514286 0.050000 0.047619
1 0.731250 0.514286 0.050000 0.047619
1 0.531250 0.600000 0.050000 0.047619
1 0.631250 0.600000 0.050000 0.047619
1 0.731250 0.600000 0.050000 0.047619
2 0.240625 0.042857 0.006250 0.047619
2 0.384375 0.885714 0.006250 0.047619
2 0.409375 0.600000 0.006250 0.047619
2 0.734375 0.657143 0.006250 0.047619