0 0.471875 0.904762 0.043750 0.047619
1 0.443750 0.314286 0.050000 0.047619
1 0.543750 0.314286 0.050000 0.047619
1 0.643750 0.314286 0.050000 0.047619
1 0.443750 0.400000 0.050000 0.047619
1 0.543750 0.400000 0.050000 0.047619
1 0.643750 0.400000 0.050000 0.047619
1 0.443750 0.485714 0.050000 0.047619
1 0.543750 0.485714 0.050000 0.047619
1 0.643750 0.485714 0.050000 0.047619
1 0.443750 0.571429 0.050000 0.047619
1 0.543750 0.571429 0.050000 0.047619
1 0.643750 0.571429 0.050000 0.047619
1 0.543750 0.657143 0.050000 0.047619
1 0.643750 0.657143 0.050000 0.047619
1 0.543750 0.742857 0.050000 0.047619
1 0.643750 0.742857 0.050000 0.047619
2 0.446875 0.619048 0.006250 0.047619
2 0.665625 0.990476 0.006250 0.047619