0 0.303125 0.904762 0.043750 0.047619
1 0.262500 0.171429 0.050000 0.047619
1 0.362500 0.171429 0.050000 0.047619
1 0.462500 0.171429 0.050000 0.047619
1 0.562500 0.171429 0.050000 0.047619
1 0.662500 0.171429 0.050000 0.047619
1 0.762500 0.171429 0.050000 0.047619
1 0.262500 0.257143 0.050000 0.047619
1 0.362500 0.257143 0.050000 0.047619
1 0.462500 0.257143 0.050000 0.047619
1 0.562500 0.257143 0.050000 0.047619
1 0.662500 0.257143 0.050000 0.047619
1 0.762500 0.257143 0.050000 0.047619
1 0.262500 0.342857 0.050000 0.047619
1 0.362500 0.342857 0.050000 0.047619
1 0.462500 0.342857 0.050000 0.047619
1 0.562500 0.342857 0.050000 0.047619
1 0.662500 0.342857 0.050000 0.047619
1 0.762500 0.342857 0.050000 0.047619
1 0.262500 0.428571 0.050000 0.047619
1 0.362500 0.428571 0.050000 0.047619
1 0.462500 0.428571 0.050000 0.047619
1 0.562500 0.428571 0.050000 0.047619
1 0.662500 0.428571 0.050000 0.047619
1 0.762500 0.428571 0.050000 0.047619
1 0.262500 0.514286 0.050000 0.047619
1 0.462500 0.514286 0.050000 0.047619
1 0.562500 0.514286 0.050000 0.047619
1 0.662500 0.514286 0.050000 0.047619
1 0.762500 0.514286 0.050000 0.047619
1 0.362500 0.600000 0.050000 0.047619
1 0.462500 0.600000 0.050000 0.047619
1 0.562500 0.600000 0.050000 0.047619
1 0.662500 0.600000 0.050000 0.047619
1 0.762500 0.600000 0.050000 0.047619
2 0.253125 0.766667 0.006250 0.047619
2 0.453125 0.823810 0.006250 0.047619