0 0.303125 0.904762 0.043750 0.047619
1 0.381250 0.266667 0.050000 0.047619
1 0.481250 0.266667 0.050000 0.047619
1 0.581250 0.266667 0.050000 0.047619
1 0.681250 0.266667 0.050000 0.047619
1 0.781250 0.266667 0.050000 0.047619
1 0.381250 0.352381 0.050000 0.047619
1 0.481250 0.352381 0.050000 0.047619
1 0.581250 0.352381 0.050000 0.047619
1 0.681250 0.352381 0.050000 0.047619
1 0.781250 0.352381 0.050000 0.047619
1 0.481250 0.438095 0.050000 0.047619
1 0.581250 0.438095 0.050000 0.047619
1 0.681250 0.438095 0.050000 0.047619
1 0.781250 0.438095 0.050000 0.047619
1 0.381250 0.523810 0.050000 0.047619
1 0.481250 0.523810 0.050000 0.047619
1 0.581250 0.523810 0.050000 0.047619
1 0.681250 0.523810 0.050000 0.047619
1 0.781250 0.523810 0.050000 0.047619
1 0.381250 0.609524 0.050000 0.047619
1 0.481250 0.609524 0.050000 0.047619
1 0.581250 0.609524 0.050000 0.047619
1 0.681250 0.609524 0.050000 0.047619
1 0.781250 0.609524 0.050000 0.047619
1 0.481250 0.695238 0.050000 0.047619
1 0.581250 0.695238 0.050000 0.047619
1 0.681250 0.695238 0.050000 0.047619
1 0.781250 0.695238 0.050000 0.047619
2 0.246875 0.385714 0.006250 0.047619
2 0.784375 0.752381 0.006250 0.047619
3 0.353125 0.071429 0.043750 0.038095