0 0.290625 0.904762 0.043750 0.047619
1 0.337500 0.171429 0.050000 0.047619
1 0.437500 0.171429 0.050000 0.047619
1 0.537500 0.171429 0.050000 0.047619
1 0.637500 0.171429 0.050000 0.047619
1 0.737500 0.171429 0.050000 0.047619
1 0.337500 0.257143 0.050000 0.047619
1 0.437500 0.257143 0.050000 0.047619
1 0.537500 0.257143 0.050000 0.047619
1 0.637500 0.257143 0.050000 0.047619
1 0.737500 0.257143 0.050000 0.047619
1 0.337500 0.342857 0.050000 0.047619
1 0.437500 0.342857 0.050000 0.047619
1 0.537500 0.342857 0.050000 0.047619
1 0.637500 0.342857 0.050000 0.047619
1 0.737500 0.342857 0.050000 0.047619
1 0.337500 0.428571 0.050000 0.047619
1 0.437500 0.428571 0.050000 0.047619
1 0.537500 0.428571 0.050000 0.047619
1 0.637500 0.428571 0.050000 0.047619
1 0.737500 0.428571 0.050000 0.047619
1 0.337500 0.514286 0.050000 0.047619
1 0.437500 0.514286 0.050000 0.047619
1 0.537500 0.514286 0.050000 0.047619
1 0.637500 0.514286 0.050000 0.047619
1 0.737500 0.514286 0.050000 0.047619
1 0.337500 0.600000 0.050000 0.047619
1 0.437500 0.600000 0.050000 0.047619
1 0.537500 0.600000 0.050000 0.047619
1 0.637500 0.600000 0.050000 0.047619
1 0.737500 0.600000 0.050000 0.047619
2 0.240625 0.804762 0.006250 0.047619
2 0.209375 0.919048 0.006250 0.047619
2 0.534375 0.776190 0.006250 0.047619