0 0.315625 0.904762 0.043750 0.047619
1 0.175000 0.219048 0.050000 0.047619
1 0.375000 0.219048 0.050000 0.047619
1 0.475000 0.219048 0.050000 0.047619
1 0.575000 0.219048 0.050000 0.047619
1 0.675000 0.219048 0.050000 0.047619
1 0.175000 0.304762 0.050000 0.047619
1 0.275000 0.304762 0.050000 0.047619
1 0.375000 0.304762 0.050000 0.047619
1 0.475000 0.304762 0.050000 0.047619
1 0.575000 0.304762 0.050000 0.047619
1 0.675000 0.304762 0.050000 0.047619
1 0.175000 0.390476 0.050000 0.047619
1 0.275000 0.390476 0.050000 0.047619
1 0.375000 0.390476 0.050000 0.047619
1 0.475000 0.390476 0.050000 0.047619
1 0.575000 0.390476 0.050000 0.047619
1 0.675000 0.390476 0.050000 0.047619
1 0.375000 0.476190 0.050000 0.047619
1 0.475000 0.476190 0.050000 0.047619
1 0.575000 0.476190 0.050000 0.047619
1 0.675000 0.476190 0.050000 0.047619
1 0.375000 0.561905 0.050000 0.047619
1 0.475000 0.561905 0.050000 0.047619
1 0.575000 0.561905 0.050000 0.047619
1 0.675000 0.561905 0.050000 0.047619
1 0.375000 0.647619 0.050000 0.047619
1 0.475000 0.647619 0.050000 0.047619
1 0.575000 0.647619 0.050000 0.047619
1 0.675000 0.647619 0.050000 0.047619
2 0.203125 0.961905 0.006250 0.047619