0 0.546875 0.904762 0.043750 0.047619
1 0.456250 0.219048 0.050000 0.047619
1 0.556250 0.219048 0.050000 0.047619
1 0.656250 0.219048 0.050000 0.047619
1 0.756250 0.219048 0.050000 0.047619
1 0.456250 0.304762 0.050000 0.047619
1 0.556250 0.304762 0.050000 0.047619
1 0.656250 0.304762 0.050000 0.047619
1 0.756250 0.304762 0.050000 0.047619
1 0.456250 0.390476 0.050000 0.047619
1 0.556250 0.390476 0.050000 0.047619
1 0.656250 0.390476 0.050000 0.047619
1 0.756250 0.390476 0.050000 0.047619
1 0.456250 0.476190 0.050000 0.047619
1 0.556250 0.476190 0.050000 0.047619
1 0.656250 0.476190 0.050000 0.047619
1 0.756250 0.476190 0.050000 0.047619
1 0.456250 0.561905 0.050000 0.047619
1 0.556250 0.561905 0.050000 0.047619
1 0.656250 0.561905 0.050000 0.047619
1 0.756250 0.561905 0.050000 0.047619
1 0.556250 0.647619 0.050000 0.047619
1 0.656250 0.647619 0.050000 0.047619
1 0.756250 0.647619 0.050000 0.047619
3 0.478125 0.071429 0.043750 0.038095