0 0.359375 0.904762 0.043750 0.047619
1 0.275000 0.314286 0.050000 0.047619
1 0.375000 0.314286 0.050000 0.047619
1 0.475000 0.314286 0.050000 0.047619
1 0.575000 0.314286 0.050000 0.047619
1 0.275000 0.400000 0.050000 0.047619
1 0.375000 0.400000 0.050000 0.047619
1 0.475000 0.400000 0.050000 0.047619
1 0.575000 0.400000 0.050000 0.047619
1 0.375000 0.485714 0.050000 0.047619
1 0.475000 0.485714 0.050000 0.047619
1 0.575000 0.485714 0.050000 0.047619
1 0.375000 0.571429 0.050000 0.047619
1 0.475000 0.571429 0.050000 0.047619
1 0.575000 0.571429 0.050000 0.047619
1 0.375000 0.657143 0.050000 0.047619
1 0.475000 0.657143 0.050000 0.047619
1 0.575000 0.657143 0.050000 0.047619
1 0.375000 0.742857 0.050000 0.047619
1 0.475000 0.742857 0.050000 0.047619
1 0.575000 0.742857 0.050000 0.047619
2 0.384375 0.833333 0.006250 0.047619