0 0.278125 0.904762 0.043750 0.047619
1 0.281250 0.219048 0.050000 0.047619
1 0.381250 0.219048 0.050000 0.047619
1 0.481250 0.219048 0.050000 0.047619
1 0.581250 0.219048 0.050000 0.047619
1 0.681250 0.219048 0.050000 0.047619
1 0.781250 0.219048 0.050000 0.047619
1 0.281250 0.304762 0.050000 0.047619
1 0.381250 0.304762 0.050000 0.047619
1 0.481250 0.304762 0.050000 0.047619
1 0.581250 0.304762 0.050000 0.047619
1 0.681250 0.304762 0.050000 0.047619
1 0.781250 0.304762 0.050000 0.047619
1 0.281250 0.390476 0.050000 0.047619
1 0.381250 0.390476 0.050000 0.047619
1 0.481250 0.390476 0.050000 0.047619
1 0.581250 0.390476 0.050000 0.047619
1 0.681250 0.390476 0.050000 0.047619
1 0.781250 0.390476 0.050000 0.047619
1 0.281250 0.476190 0.050000 0.047619
1 0.381250 0.476190 0.050000 0.047619
1 0.481250 0.476190 0.050000 0.047619
1 0.581250 0.476190 0.050000 0.047619
1 0.681250 0.476190 0.050000 0.047619
1 0.781250 0.476190 0.050000 0.047619
1 0.381250 0.561905 0.050000 0.047619
1 0.481250 0.561905 0.050000 0.047619
1 0.581250 0.561905 0.050000 0.047619
1 0.681250 0.561905 0.050000 0.047619
1 0.781250 0.561905 0.050000 0.047619
1 0.481250 0.647619 0.050000 0.047619
1 0.581250 0.647619 0.050000 0.047619
1 0.681250 0.647619 0.050000 0.047619
1 0.781250 0.647619 0.050000 0.047619
2 0.253125 0.152381 0.006250 0.047619
2 0.296875 0.761905 0.006250 0.047619
3 0.746875 0.071429 0.043750 0.038095