0 0.421875 0.904762 0.043750 0.047619
1 0.318750 0.171429 0.050000 0.047619
1 0.518750 0.171429 0.050000 0.047619
1 0.618750 0.171429 0.050000 0.047619
1 0.718750 0.171429 0.050000 0.047619
1 0.818750 0.171429 0.050000 0.047619
1 0.318750 0.257143 0.050000 0.047619
1 0.418750 0.257143 0.050000 0.047619
1 0.518750 0.257143 0.050000 0.047619
1 0.618750 0.257143 0.050000 0.047619
1 0.718750 0.257143 0.050000 0.047619
1 0.818750 0.257143 0.050000 0.047619
1 0.418750 0.342857 0.050000 0.047619
1 0.518750 0.342857 0.050000 0.047619
1 0.618750 0.342857 0.050000 0.047619
1 0.718750 0.342857 0.050000 0.047619
1 0.818750 0.342857 0.050000 0.047619
1 0.418750 0.428571 0.050000 0.047619
1 0.518750 0.428571 0.050000 0.047619
1 0.618750 0.428571 0.050000 0.047619
1 0.718750 0.428571 0.050000 0.047619
1 0.818750 0.428571 0.050000 0.047619
1 0.418750 0.514286 0.050000 0.047619
1 0.518750 0.514286 0.050000 0.047619
1 0.618750 0.514286 0.050000 0.047619
1 0.718750 0.514286 0.050000 0.047619
1 0.818750 0.514286 0.050000 0.047619
1 0.418750 0.600000 0.050000 0.047619
1 0.518750 0.600000 0.050000 0.047619
1 0.618750 0.600000 0.050000 0.047619
1 0.718750 0.600000 0.050000 0.047619
1 0.818750 0.600000 0.050000 0.047619
2 0.415625 0.800000 0.006250 0.047619
2 0.303125 0.742857 0.006250 0.047619