0 0.296875 0.904762 0.043750 0.047619
1 0.250000 0.219048 0.050000 0.047619
1 0.350000 0.219048 0.050000 0.047619
1 0.450000 0.219048 0.050000 0.047619
1 0.550000 0.219048 0.050000 0.047619
1 0.650000 0.219048 0.050000 0.047619
1 0.750000 0.219048 0.050000 0.047619
1 0.250000 0.304762 0.050000 0.047619
1 0.350000 0.304762 0.050000 0.047619
1 0.450000 0.304762 0.050000 0.047619
1 0.550000 0.304762 0.050000 0.047619
1 0.650000 0.304762 0.050000 0.047619
1 0.750000 0.304762 0.050000 0.047619
1 0.350000 0.390476 0.050000 0.047619
1 0.450000 0.390476 0.050000 0.047619
1 0.550000 0.390476 0.050000 0.047619
1 0.650000 0.390476 0.050000 0.047619
1 0.750000 0.390476 0.050000 0.047619
1 0.350000 0.476190 0.050000 0.047619
1 0.450000 0.476190 0.050000 0.047619
1 0.550000 0.476190 0.050000 0.047619
1 0.650000 0.476190 0.050000 0.047619
1 0.750000 0.476190 0.050000 0.047619
1 0.350000 0.561905 0.050000 0.047619
1 0.450000 0.561905 0.050000 0.047619
1 0.550000 0.561905 0.050000 0.047619
1 0.650000 0.561905 0.050000 0.047619
1 0.750000 0.561905 0.050000 0.047619
1 0.350000 0.647619 0.050000 0.047619
1 0.450000 0.647619 0.050000 0.047619
1 0.550000 0.647619 0.050000 0.047619
1 0.650000 0.647619 0.050000 0.047619
1 0.750000 0.647619 0.050000 0.047619
2 0.271875 0.833333 0.006250 0.047619
2 0.259375 0.647619 0.006250 0.047619
3 0.571875 0.071429 0.043750 0.038095