0 0.896875 0.450000 0.043750 0.033333
1 0.340625 0.083333 0.043750 0.033333
1 0.153125 0.226190 0.043750 0.033333
1 0.371875 0.192857 0.043750 0.033333
1 0.246875 0.597619 0.043750 0.033333
1 0.421875 0.688095 0.043750 0.033333
1 0.153125 0.654762 0.043750 0.033333
4 0.175000 0.078571 0.150000 0.023810
4 0.150000 0.221429 0.100000 0.023810
4 0.137500 0.364286 0.075000 0.023810
4 0.137500 0.507143 0.075000 0.023810
4 0.162500 0.650000 0.125000 0.023810
4 0.175000 0.792857 0.150000 0.023810
4 0.187500 0.364286 0.025000 0.023810
4 0.200000 0.507143 0.050000 0.023810
4 0.225000 0.221429 0.050000 0.023810
4 0.262500 0.364286 0.125000 0.023810
4 0.300000 0.507143 0.150000 0.023810
4 0.237500 0.650000 0.025000 0.023810
4 0.300000 0.078571 0.100000 0.023810
4 0.287500 0.221429 0.075000 0.023810
4 0.325000 0.650000 0.150000 0.023810
4 0.325000 0.792857 0.150000 0.023810
4 0.337500 0.221429 0.025000 0.023810
4 0.350000 0.364286 0.050000 0.023810
4 0.400000 0.078571 0.100000 0.023810
4 0.375000 0.221429 0.050000 0.023810
4 0.387500 0.364286 0.025000 0.023810
4 0.412500 0.507143 0.075000 0.023810
4 0.425000 0.221429 0.050000 0.023810
4 0.487500 0.364286 0.175000 0.023810
4 0.425000 0.650000 0.050000 0.023810
4 0.487500 0.792857 0.175000 0.023810
4 0.487500 0.078571 0.075000 0.023810
4 0.487500 0.221429 0.075000 0.023810
4 0.487500 0.507143 0.075000 0.023810
4 0.487500 0.650000 0.075000 0.023810
4 0.575000 0.078571 0.100000 0.023810
4 0.550000 0.221429 0.050000 0.023810
4 0.562500 0.507143 0.075000 0.023810
4 0.550000 0.650000 0.050000 0.023810
4 0.600000 0.221429 0.050000 0.023810
4 0.587500 0.364286 0.025000 0.023810
4 0.650000 0.650000 0.150000 0.023810
4 0.650000 0.792857 0.150000 0.023810
4 0.625000 0.364286 0.050000 0.023810
4 0.675000 0.507143 0.150000 0.023810
4 0.675000 0.078571 0.100000 0.023810
4 0.637500 0.221429 0.025000 0.023810
4 0.687500 0.221429 0.075000 0.023810
4 0.712500 0.364286 0.125000 0.023810
4 0.800000 0.078571 0.150000 0.023810
4 0.750000 0.221429 0.050000 0.023810
4 0.737500 0.650000 0.025000 0.023810
4 0.800000 0.792857 0.150000 0.023810
4 0.775000 0.507143 0.050000 0.023810
4 0.812500 0.650000 0.125000 0.023810
4 0.825000 0.221429 0.100000 0.023810
4 0.787500 0.364286 0.025000 0.023810
4 0.837500 0.364286 0.075000 0.023810
4 0.837500 0.507143 0.075000 0.023810
4 0.112500 0.138095 0.025000 0.142857
4 0.112500 0.280952 0.025000 0.142857
4 0.112500 0.423810 0.025000 0.142857
4 0.112500 0.566667 0.025000 0.142857
4 0.112500 0.709524 0.025000 0.142857
4 0.187500 0.423810 0.025000 0.142857
4 0.212500 0.280952 0.025000 0.142857
4 0.237500 0.566667 0.025000 0.142857
4 0.262500 0.138095 0.025000 0.142857
4 0.262500 0.709524 0.025000 0.142857
4 0.337500 0.280952 0.025000 0.142857
4 0.362500 0.138095 0.025000 0.142857
4 0.387500 0.423810 0.025000 0.142857
4 0.412500 0.280952 0.025000 0.142857
4 0.412500 0.709524 0.025000 0.142857
4 0.462500 0.138095 0.025000 0.142857
4 0.462500 0.566667 0.025000 0.142857
4 0.537500 0.138095 0.025000 0.142857
4 0.537500 0.566667 0.025000 0.142857
4 0.587500 0.280952 0.025000 0.142857
4 0.587500 0.709524 0.025000 0.142857
4 0.612500 0.423810 0.025000 0.142857
4 0.637500 0.138095 0.025000 0.142857
4 0.662500 0.280952 0.025000 0.142857
4 0.737500 0.138095 0.025000 0.142857
4 0.737500 0.709524 0.025000 0.142857
4 0.762500 0.566667 0.025000 0.142857
4 0.787500 0.280952 0.025000 0.142857
4 0.812500 0.423810 0.025000 0.142857
4 0.887500 0.138095 0.025000 0.142857
4 0.887500 0.280952 0.025000 0.142857
4 0.887500 0.423810 0.025000 0.142857
4 0.887500 0.566667 0.025000 0.142857
4 0.887500 0.709524 0.025000 0.142857
4 0.887500 0.423810 0.025000 0.142857