0 0.156250 0.683333 0.050000 0.109524
4 0.500000 0.828571 0.800000 0.019048
4 0.500000 0.600000 0.800000 0.019048
4 0.500000 0.371429 0.800000 0.019048
4 0.500000 0.142857 0.800000 0.019048
4 0.850000 0.714286 0.050000 0.171429
4 0.150000 0.485714 0.050000 0.171429
4 0.850000 0.257143 0.050000 0.171429
3 0.768750 0.542857 0.050000 0.057143
3 0.268750 0.428571 0.050000 0.057143
3 0.393750 0.314286 0.050000 0.057143
3 0.600000 0.197619 0.037500 0.052381
3 0.787500 0.097619 0.050000 0.071429
6 0.150000 0.050000 0.012500 0.014286
1 0.968750 0.059524 0.037500 0.071429