0 0.340625 0.819048 0.093750 0.076190
0 0.350000 0.330952 0.050000 0.023810
5 0.787500 0.628571 0.050000 0.028571
5 0.871875 0.438095 0.043750 0.019048
5 0.590625 0.207143 0.006250 0.004762
5 0.025000 0.019048 0.050000 0.038095
5 0.075000 0.019048 0.050000 0.038095
5 0.025000 0.057143 0.050000 0.038095
5 0.075000 0.057143 0.050000 0.038095
5 0.025000 0.095238 0.050000 0.038095
5 0.075000 0.095238 0.050000 0.038095
5 0.025000 0.133333 0.050000 0.038095
5 0.075000 0.133333 0.050000 0.038095
5 0.025000 0.019048 0.050000 0.038095
5 0.075000 0.019048 0.050000 0.038095
5 0.025000 0.057143 0.050000 0.038095
5 0.025000 0.095238 0.050000 0.038095
5 0.025000 0.133333 0.050000 0.038095