0 0.465625 0.819048 0.093750 0.076190
5 0.837500 0.376190 0.037500 0.019048
5 0.909375 0.207143 0.006250 0.004762
5 0.175000 0.328571 0.025000 0.009524
5 0.025000 0.019048 0.050000 0.038095
5 0.125000 0.019048 0.050000 0.038095
5 0.025000 0.057143 0.050000 0.038095
5 0.125000 0.057143 0.050000 0.038095
5 0.025000 0.095238 0.050000 0.038095
5 0.125000 0.095238 0.050000 0.038095
5 0.025000 0.133333 0.050000 0.038095
5 0.125000 0.133333 0.050000 0.038095
5 0.125000 0.019048 0.050000 0.038095
5 0.125000 0.057143 0.050000 0.038095
5 0.125000 0.095238 0.050000 0.038095
5 0.125000 0.133333 0.050000 0.038095