0 0.434375 0.819048 0.093750 0.076190
5 0.746875 0.471429 0.043750 0.019048
5 0.843750 0.290476 0.025000 0.009524
5 0.234375 0.461905 0.043750 0.019048
5 0.025000 0.019048 0.050000 0.038095
5 0.075000 0.019048 0.050000 0.038095
5 0.125000 0.019048 0.050000 0.038095
5 0.025000 0.057143 0.050000 0.038095
5 0.075000 0.057143 0.050000 0.038095
5 0.125000 0.057143 0.050000 0.038095
5 0.025000 0.095238 0.050000 0.038095
5 0.075000 0.095238 0.050000 0.038095
5 0.125000 0.095238 0.050000 0.038095
5 0.025000 0.133333 0.050000 0.038095
5 0.075000 0.133333 0.050000 0.038095
5 0.125000 0.133333 0.050000 0.038095
5 0.075000 0.019048 0.050000 0.038095
5 0.025000 0.057143 0.050000 0.038095
5 0.075000 0.057143 0.050000 0.038095
5 0.025000 0.095238 0.050000 0.038095
5 0.075000 0.095238 0.050000 0.038095
5 0.025000 0.133333 0.050000 0.038095
5 0.075000 0.133333 0.050000 0.038095