0 0.465625 0.819048 0.093750 0.076190
0 0.321875 0.435714 0.031250 0.023810
5 0.793750 0.276190 0.025000 0.009524
5 0.659375 0.207143 0.006250 0.004762
5 0.259375 0.207143 0.006250 0.004762
5 0.025000 0.019048 0.050000 0.038095
5 0.025000 0.057143 0.050000 0.038095
5 0.025000 0.095238 0.050000 0.038095
5 0.025000 0.133333 0.050000 0.038095
5 0.125000 0.133333 0.050000 0.038095
5 0.025000 0.019048 0.050000 0.038095
5 0.025000 0.057143 0.050000 0.038095
5 0.025000 0.095238 0.050000 0.038095
5 0.025000 0.133333 0.050000 0.038095
5 0.125000 0.133333 0.050000 0.038095