0 0.340625 0.904762 0.043750 0.047619
1 0.331250 0.314286 0.050000 0.047619
1 0.431250 0.314286 0.050000 0.047619
1 0.531250 0.314286 0.050000 0.047619
1 0.631250 0.314286 0.050000 0.047619
1 0.731250 0.314286 0.050000 0.047619
1 0.331250 0.400000 0.050000 0.047619
1 0.431250 0.400000 0.050000 0.047619
1 0.531250 0.400000 0.050000 0.047619
1 0.631250 0.400000 0.050000 0.047619
1 0.731250 0.400000 0.050000 0.047619
1 0.431250 0.485714 0.050000 0.047619
1 0.531250 0.485714 0.050000 0.047619
1 0.631250 0.485714 0.050000 0.047619
1 0.731250 0.485714 0.050000 0.047619
1 0.331250 0.571429 0.050000 0.047619
1 0.431250 0.571429 0.050000 0.047619
1 0.531250 0.571429 0.050000 0.047619
1 0.631250 0.571429 0.050000 0.047619
1 0.731250 0.571429 0.050000 0.047619
1 0.431250 0.657143 0.050000 0.047619
1 0.531250 0.657143 0.050000 0.047619
1 0.631250 0.657143 0.050000 0.047619
1 0.731250 0.657143 0.050000 0.047619
1 0.431250 0.742857 0.050000 0.047619
1 0.531250 0.742857 0.050000 0.047619
1 0.631250 0.742857 0.050000 0.047619
1 0.731250 0.742857 0.050000 0.047619
2 0.309375 0.728571 0.006250 0.047619
2 0.334375 0.628571 0.006250 0.047619
3 0.728125 0.071429 0.043750 0.038095