0 0.303125 0.904762 0.043750 0.047619
1 0.375000 0.314286 0.050000 0.047619
1 0.475000 0.314286 0.050000 0.047619
1 0.575000 0.314286 0.050000 0.047619
1 0.675000 0.314286 0.050000 0.047619
1 0.775000 0.314286 0.050000 0.047619
1 0.375000 0.400000 0.050000 0.047619
1 0.475000 0.400000 0.050000 0.047619
1 0.575000 0.400000 0.050000 0.047619
1 0.675000 0.400000 0.050000 0.047619
1 0.775000 0.400000 0.050000 0.047619
1 0.475000 0.485714 0.050000 0.047619
1 0.575000 0.485714 0.050000 0.047619
1 0.675000 0.485714 0.050000 0.047619
1 0.775000 0.485714 0.050000 0.047619
1 0.375000 0.571429 0.050000 0.047619
1 0.475000 0.571429 0.050000 0.047619
1 0.575000 0.571429 0.050000 0.047619
1 0.675000 0.571429 0.050000 0.047619
1 0.775000 0.571429 0.050000 0.047619
1 0.375000 0.657143 0.050000 0.047619
1 0.475000 0.657143 0.050000 0.047619
1 0.575000 0.657143 0.050000 0.047619
1 0.675000 0.657143 0.050000 0.047619
1 0.775000 0.657143 0.050000 0.047619
1 0.475000 0.742857 0.050000 0.047619
1 0.575000 0.742857 0.050000 0.047619
1 0.675000 0.742857 0.050000 0.047619
1 0.775000 0.742857 0.050000 0.047619
2 0.390625 1.000000 0.006250 0.047619
2 0.778125 0.800000 0.006250 0.047619