0 0.296875 0.904762 0.043750 0.047619
1 0.462500 0.219048 0.050000 0.047619
1 0.562500 0.219048 0.050000 0.047619
1 0.662500 0.219048 0.050000 0.047619
1 0.762500 0.219048 0.050000 0.047619
1 0.462500 0.304762 0.050000 0.047619
1 0.562500 0.304762 0.050000 0.047619
1 0.662500 0.304762 0.050000 0.047619
1 0.762500 0.304762 0.050000 0.047619
1 0.562500 0.390476 0.050000 0.047619
1 0.662500 0.390476 0.050000 0.047619
1 0.762500 0.390476 0.050000 0.047619
1 0.562500 0.476190 0.050000 0.047619
1 0.662500 0.476190 0.050000 0.047619
1 0.762500 0.476190 0.050000 0.047619
1 0.562500 0.561905 0.050000 0.047619
1 0.662500 0.561905 0.050000 0.047619
1 0.762500 0.561905 0.050000 0.047619
1 0.562500 0.647619 0.050000 0.047619
1 0.662500 0.647619 0.050000 0.047619
1 0.762500 0.647619 0.050000 0.047619
2 0.784375 0.895238 0.006250 0.047619