0 0.334375 0.904762 0.043750 0.047619
1 0.243750 0.219048 0.050000 0.047619
1 0.343750 0.219048 0.050000 0.047619
1 0.443750 0.219048 0.050000 0.047619
1 0.543750 0.219048 0.050000 0.047619
1 0.243750 0.304762 0.050000 0.047619
1 0.343750 0.304762 0.050000 0.047619
1 0.443750 0.304762 0.050000 0.047619
1 0.543750 0.304762 0.050000 0.047619
1 0.343750 0.390476 0.050000 0.047619
1 0.443750 0.390476 0.050000 0.047619
1 0.543750 0.390476 0.050000 0.047619
1 0.343750 0.476190 0.050000 0.047619
1 0.443750 0.476190 0.050000 0.047619
1 0.543750 0.476190 0.050000 0.047619
1 0.343750 0.561905 0.050000 0.047619
1 0.443750 0.561905 0.050000 0.047619
1 0.543750 0.561905 0.050000 0.047619
1 0.343750 0.647619 0.050000 0.047619
1 0.443750 0.647619 0.050000 0.047619
1 0.543750 0.647619 0.050000 0.047619
2 0.246875 0.557143 0.006250 0.047619
2 0.246875 0.361905 0.006250 0.047619
2 0.371875 0.990476 0.006250 0.047619
3 0.634375 0.071429 0.043750 0.038095