0 0.278125 0.904762 0.043750 0.047619
1 0.387500 0.266667 0.050000 0.047619
1 0.487500 0.266667 0.050000 0.047619
1 0.587500 0.266667 0.050000 0.047619
1 0.687500 0.266667 0.050000 0.047619
1 0.787500 0.266667 0.050000 0.047619
1 0.487500 0.352381 0.050000 0.047619
1 0.587500 0.352381 0.050000 0.047619
1 0.687500 0.352381 0.050000 0.047619
1 0.787500 0.352381 0.050000 0.047619
1 0.387500 0.438095 0.050000 0.047619
1 0.487500 0.438095 0.050000 0.047619
1 0.587500 0.438095 0.050000 0.047619
1 0.687500 0.438095 0.050000 0.047619
1 0.787500 0.438095 0.050000 0.047619
1 0.387500 0.523810 0.050000 0.047619
1 0.487500 0.523810 0.050000 0.047619
1 0.587500 0.523810 0.050000 0.047619
1 0.687500 0.523810 0.050000 0.047619
1 0.787500 0.523810 0.050000 0.047619
1 0.387500 0.609524 0.050000 0.047619
1 0.487500 0.609524 0.050000 0.047619
1 0.587500 0.609524 0.050000 0.047619
1 0.687500 0.609524 0.050000 0.047619
1 0.787500 0.609524 0.050000 0.047619
1 0.487500 0.695238 0.050000 0.047619
1 0.587500 0.695238 0.050000 0.047619
1 0.687500 0.695238 0.050000 0.047619
1 0.787500 0.695238 0.050000 0.047619
2 0.784375 0.890476 0.006250 0.047619
3 0.309375 0.071429 0.043750 0.038095