0 0.353125 0.904762 0.043750 0.047619
1 0.325000 0.171429 0.050000 0.047619
1 0.425000 0.171429 0.050000 0.047619
1 0.525000 0.171429 0.050000 0.047619
1 0.625000 0.171429 0.050000 0.047619
1 0.725000 0.171429 0.050000 0.047619
1 0.825000 0.171429 0.050000 0.047619
1 0.325000 0.257143 0.050000 0.047619
1 0.425000 0.257143 0.050000 0.047619
1 0.525000 0.257143 0.050000 0.047619
1 0.625000 0.257143 0.050000 0.047619
1 0.725000 0.257143 0.050000 0.047619
1 0.825000 0.257143 0.050000 0.047619
1 0.325000 0.342857 0.050000 0.047619
1 0.425000 0.342857 0.050000 0.047619
1 0.525000 0.342857 0.050000 0.047619
1 0.625000 0.342857 0.050000 0.047619
1 0.725000 0.342857 0.050000 0.047619
1 0.825000 0.342857 0.050000 0.047619
1 0.325000 0.428571 0.050000 0.047619
1 0.425000 0.428571 0.050000 0.047619
1 0.525000 0.428571 0.050000 0.047619
1 0.625000 0.428571 0.050000 0.047619
1 0.725000 0.428571 0.050000 0.047619
1 0.825000 0.428571 0.050000 0.047619
1 0.525000 0.514286 0.050000 0.047619
1 0.625000 0.514286 0.050000 0.047619
1 0.725000 0.514286 0.050000 0.047619
1 0.825000 0.514286 0.050000 0.047619
1 0.425000 0.600000 0.050000 0.047619
1 0.525000 0.600000 0.050000 0.047619
1 0.625000 0.600000 0.050000 0.047619
1 0.725000 0.600000 0.050000 0.047619
1 0.825000 0.600000 0.050000 0.047619
2 0.309375 0.571429 0.006250 0.047619
2 0.528125 0.747619 0.006250 0.047619