0 0.303125 0.904762 0.043750 0.047619
1 0.431250 0.219048 0.050000 0.047619
1 0.531250 0.219048 0.050000 0.047619
1 0.631250 0.219048 0.050000 0.047619
1 0.731250 0.219048 0.050000 0.047619
1 0.431250 0.304762 0.050000 0.047619
1 0.531250 0.304762 0.050000 0.047619
1 0.631250 0.304762 0.050000 0.047619
1 0.731250 0.304762 0.050000 0.047619
1 0.531250 0.390476 0.050000 0.047619
1 0.631250 0.390476 0.050000 0.047619
1 0.731250 0.390476 0.050000 0.047619
1 0.531250 0.476190 0.050000 0.047619
1 0.631250 0.476190 0.050000 0.047619
1 0.731250 0.476190 0.050000 0.047619
1 0.531250 0.561905 0.050000 0.047619
1 0.631250 0.561905 0.050000 0.047619
1 0.731250 0.561905 0.050000 0.047619
1 0.531250 0.647619 0.050000 0.047619
1 0.631250 0.647619 0.050000 0.047619
1 0.731250 0.647619 0.050000 0.047619
2 0.634375 0.704762 0.006250 0.047619