0 0.459375 0.904762 0.043750 0.047619
1 0.393750 0.171429 0.050000 0.047619
1 0.493750 0.171429 0.050000 0.047619
1 0.593750 0.171429 0.050000 0.047619
1 0.693750 0.171429 0.050000 0.047619
1 0.793750 0.171429 0.050000 0.047619
1 0.393750 0.257143 0.050000 0.047619
1 0.493750 0.257143 0.050000 0.047619
1 0.593750 0.257143 0.050000 0.047619
1 0.693750 0.257143 0.050000 0.047619
1 0.793750 0.257143 0.050000 0.047619
1 0.293750 0.342857 0.050000 0.047619
1 0.393750 0.342857 0.050000 0.047619
1 0.493750 0.342857 0.050000 0.047619
1 0.593750 0.342857 0.050000 0.047619
1 0.693750 0.342857 0.050000 0.047619
1 0.793750 0.342857 0.050000 0.047619
1 0.393750 0.428571 0.050000 0.047619
1 0.493750 0.428571 0.050000 0.047619
1 0.593750 0.428571 0.050000 0.047619
1 0.693750 0.428571 0.050000 0.047619
1 0.793750 0.428571 0.050000 0.047619
1 0.493750 0.514286 0.050000 0.047619
1 0.593750 0.514286 0.050000 0.047619
1 0.693750 0.514286 0.050000 0.047619
1 0.793750 0.514286 0.050000 0.047619
1 0.393750 0.600000 0.050000 0.047619
1 0.493750 0.600000 0.050000 0.047619
1 0.593750 0.600000 0.050000 0.047619
1 0.693750 0.600000 0.050000 0.047619
1 0.793750 0.600000 0.050000 0.047619
2 0.328125 0.157143 0.006250 0.047619
2 0.790625 0.766667 0.006250 0.047619