0 0.346875 0.904762 0.043750 0.047619
1 0.293750 0.219048 0.050000 0.047619
1 0.393750 0.219048 0.050000 0.047619
1 0.493750 0.219048 0.050000 0.047619
1 0.593750 0.219048 0.050000 0.047619
1 0.693750 0.219048 0.050000 0.047619
1 0.793750 0.219048 0.050000 0.047619
1 0.293750 0.304762 0.050000 0.047619
1 0.393750 0.304762 0.050000 0.047619
1 0.493750 0.304762 0.050000 0.047619
1 0.593750 0.304762 0.050000 0.047619
1 0.693750 0.304762 0.050000 0.047619
1 0.793750 0.304762 0.050000 0.047619
1 0.393750 0.390476 0.050000 0.047619
1 0.493750 0.390476 0.050000 0.047619
1 0.593750 0.390476 0.050000 0.047619
1 0.693750 0.390476 0.050000 0.047619
1 0.793750 0.390476 0.050000 0.047619
1 0.393750 0.476190 0.050000 0.047619
1 0.493750 0.476190 0.050000 0.047619
1 0.593750 0.476190 0.050000 0.047619
1 0.693750 0.476190 0.050000 0.047619
1 0.793750 0.476190 0.050000 0.047619
1 0.393750 0.561905 0.050000 0.047619
1 0.493750 0.561905 0.050000 0.047619
1 0.593750 0.561905 0.050000 0.047619
1 0.693750 0.561905 0.050000 0.047619
1 0.793750 0.561905 0.050000 0.047619
1 0.393750 0.647619 0.050000 0.047619
1 0.493750 0.647619 0.050000 0.047619
1 0.593750 0.647619 0.050000 0.047619
1 0.693750 0.647619 0.050000 0.047619
1 0.793750 0.647619 0.050000 0.047619
2 0.315625 0.480952 0.006250 0.047619
2 0.509375 0.933333 0.006250 0.047619
3 0.840625 0.071429 0.043750 0.038095