0 0.471875 0.904762 0.043750 0.047619
1 0.412500 0.314286 0.050000 0.047619
1 0.512500 0.314286 0.050000 0.047619
1 0.612500 0.314286 0.050000 0.047619
1 0.412500 0.400000 0.050000 0.047619
1 0.512500 0.400000 0.050000 0.047619
1 0.612500 0.400000 0.050000 0.047619
1 0.412500 0.485714 0.050000 0.047619
1 0.512500 0.485714 0.050000 0.047619
1 0.612500 0.485714 0.050000 0.047619
1 0.512500 0.571429 0.050000 0.047619
1 0.612500 0.571429 0.050000 0.047619
1 0.512500 0.657143 0.050000 0.047619
1 0.612500 0.657143 0.050000 0.047619
1 0.512500 0.742857 0.050000 0.047619
1 0.612500 0.742857 0.050000 0.047619
2 0.421875 0.633333 0.006250 0.047619
2 0.440625 0.828571 0.006250 0.047619
2 0.415625 0.542857 0.006250 0.047619
3 1.009375 0.071429 0.043750 0.038095