0 0.278125 0.904762 0.043750 0.047619
1 0.462500 0.171429 0.050000 0.047619
1 0.562500 0.171429 0.050000 0.047619
1 0.662500 0.171429 0.050000 0.047619
1 0.762500 0.171429 0.050000 0.047619
1 0.462500 0.257143 0.050000 0.047619
1 0.562500 0.257143 0.050000 0.047619
1 0.662500 0.257143 0.050000 0.047619
1 0.762500 0.257143 0.050000 0.047619
1 0.562500 0.342857 0.050000 0.047619
1 0.662500 0.342857 0.050000 0.047619
1 0.762500 0.342857 0.050000 0.047619
1 0.562500 0.428571 0.050000 0.047619
1 0.662500 0.428571 0.050000 0.047619
1 0.762500 0.428571 0.050000 0.047619
1 0.562500 0.514286 0.050000 0.047619
1 0.662500 0.514286 0.050000 0.047619
1 0.762500 0.514286 0.050000 0.047619
1 0.562500 0.600000 0.050000 0.047619
1 0.662500 0.600000 0.050000 0.047619
1 0.762500 0.600000 0.050000 0.047619
2 0.240625 0.523810 0.006250 0.047619
2 0.553125 0.752381 0.006250 0.047619
2 0.409375 0.980952 0.006250 0.047619