0 0.321875 0.904762 0.043750 0.047619
1 0.362500 0.314286 0.050000 0.047619
1 0.462500 0.314286 0.050000 0.047619
1 0.562500 0.314286 0.050000 0.047619
1 0.662500 0.314286 0.050000 0.047619
1 0.762500 0.314286 0.050000 0.047619
1 0.362500 0.400000 0.050000 0.047619
1 0.462500 0.400000 0.050000 0.047619
1 0.562500 0.400000 0.050000 0.047619
1 0.662500 0.400000 0.050000 0.047619
1 0.762500 0.400000 0.050000 0.047619
1 0.462500 0.485714 0.050000 0.047619
1 0.562500 0.485714 0.050000 0.047619
1 0.662500 0.485714 0.050000 0.047619
1 0.762500 0.485714 0.050000 0.047619
1 0.362500 0.571429 0.050000 0.047619
1 0.462500 0.571429 0.050000 0.047619
1 0.562500 0.571429 0.050000 0.047619
1 0.662500 0.571429 0.050000 0.047619
1 0.762500 0.571429 0.050000 0.047619
1 0.362500 0.657143 0.050000 0.047619
1 0.462500 0.657143 0.050000 0.047619
1 0.562500 0.657143 0.050000 0.047619
1 0.662500 0.657143 0.050000 0.047619
1 0.762500 0.657143 0.050000 0.047619
1 0.462500 0.742857 0.050000 0.047619
1 0.562500 0.742857 0.050000 0.047619
1 0.662500 0.742857 0.050000 0.047619
1 0.762500 0.742857 0.050000 0.047619
2 0.265625 0.480952 0.006250 0.047619
2 0.665625 0.895238 0.006250 0.047619
3 0.978125 0.071429 0.043750 0.038095