0 0.521875 0.904762 0.043750 0.047619
1 0.412500 0.219048 0.050000 0.047619
1 0.512500 0.219048 0.050000 0.047619
1 0.612500 0.219048 0.050000 0.047619
1 0.712500 0.219048 0.050000 0.047619
1 0.412500 0.304762 0.050000 0.047619
1 0.612500 0.304762 0.050000 0.047619
1 0.712500 0.304762 0.050000 0.047619
1 0.412500 0.390476 0.050000 0.047619
1 0.512500 0.390476 0.050000 0.047619
1 0.612500 0.390476 0.050000 0.047619
1 0.712500 0.390476 0.050000 0.047619
1 0.412500 0.476190 0.050000 0.047619
1 0.512500 0.476190 0.050000 0.047619
1 0.612500 0.476190 0.050000 0.047619
1 0.712500 0.476190 0.050000 0.047619
1 0.412500 0.561905 0.050000 0.047619
1 0.512500 0.561905 0.050000 0.047619
1 0.612500 0.561905 0.050000 0.047619
1 0.712500 0.561905 0.050000 0.047619
1 0.512500 0.647619 0.050000 0.047619
1 0.612500 0.647619 0.050000 0.047619
1 0.712500 0.647619 0.050000 0.047619
2 0.621875 0.914286 0.006250 0.047619
3 0.853125 0.071429 0.043750 0.038095