0 0.334375 0.904762 0.043750 0.047619
1 0.462500 0.266667 0.050000 0.047619
1 0.562500 0.266667 0.050000 0.047619
1 0.662500 0.266667 0.050000 0.047619
1 0.462500 0.352381 0.050000 0.047619
1 0.562500 0.352381 0.050000 0.047619
1 0.662500 0.352381 0.050000 0.047619
1 0.462500 0.438095 0.050000 0.047619
1 0.562500 0.438095 0.050000 0.047619
1 0.662500 0.438095 0.050000 0.047619
1 0.462500 0.523810 0.050000 0.047619
1 0.562500 0.523810 0.050000 0.047619
1 0.662500 0.523810 0.050000 0.047619
1 0.462500 0.609524 0.050000 0.047619
1 0.562500 0.609524 0.050000 0.047619
1 0.662500 0.609524 0.050000 0.047619
1 0.562500 0.695238 0.050000 0.047619
1 0.662500 0.695238 0.050000 0.047619
2 0.465625 0.666667 0.006250 0.047619
3 0.034375 0.071429 0.043750 0.038095