0 0.278125 0.904762 0.043750 0.047619
1 0.268750 0.314286 0.050000 0.047619
1 0.368750 0.314286 0.050000 0.047619
1 0.468750 0.314286 0.050000 0.047619
1 0.568750 0.314286 0.050000 0.047619
1 0.668750 0.314286 0.050000 0.047619
1 0.368750 0.400000 0.050000 0.047619
1 0.468750 0.400000 0.050000 0.047619
1 0.568750 0.400000 0.050000 0.047619
1 0.668750 0.400000 0.050000 0.047619
1 0.368750 0.485714 0.050000 0.047619
1 0.468750 0.485714 0.050000 0.047619
1 0.568750 0.485714 0.050000 0.047619
1 0.668750 0.485714 0.050000 0.047619
1 0.368750 0.571429 0.050000 0.047619
1 0.468750 0.571429 0.050000 0.047619
1 0.568750 0.571429 0.050000 0.047619
1 0.668750 0.571429 0.050000 0.047619
1 0.368750 0.657143 0.050000 0.047619
1 0.468750 0.657143 0.050000 0.047619
1 0.568750 0.657143 0.050000 0.047619
1 0.668750 0.657143 0.050000 0.047619
1 0.368750 0.742857 0.050000 0.047619
1 0.468750 0.742857 0.050000 0.047619
1 0.568750 0.742857 0.050000 0.047619
1 0.668750 0.742857 0.050000 0.047619
2 0.240625 0.804762 0.006250 0.047619
2 0.571875 0.895238 0.006250 0.047619
3 0.228125 0.071429 0.043750 0.038095