0 0.290625 0.904762 0.043750 0.047619
1 0.250000 0.219048 0.050000 0.047619
1 0.350000 0.219048 0.050000 0.047619
1 0.450000 0.219048 0.050000 0.047619
1 0.550000 0.219048 0.050000 0.047619
1 0.650000 0.219048 0.050000 0.047619
1 0.750000 0.219048 0.050000 0.047619
1 0.250000 0.304762 0.050000 0.047619
1 0.350000 0.304762 0.050000 0.047619
1 0.450000 0.304762 0.050000 0.047619
1 0.550000 0.304762 0.050000 0.047619
1 0.650000 0.304762 0.050000 0.047619
1 0.750000 0.304762 0.050000 0.047619
1 0.250000 0.390476 0.050000 0.047619
1 0.350000 0.390476 0.050000 0.047619
1 0.450000 0.390476 0.050000 0.047619
1 0.550000 0.390476 0.050000 0.047619
1 0.650000 0.390476 0.050000 0.047619
1 0.750000 0.390476 0.050000 0.047619
1 0.350000 0.476190 0.050000 0.047619
1 0.450000 0.476190 0.050000 0.047619
1 0.550000 0.476190 0.050000 0.047619
1 0.650000 0.476190 0.050000 0.047619
1 0.750000 0.476190 0.050000 0.047619
1 0.350000 0.561905 0.050000 0.047619
1 0.450000 0.561905 0.050000 0.047619
1 0.550000 0.561905 0.050000 0.047619
1 0.650000 0.561905 0.050000 0.047619
1 0.750000 0.561905 0.050000 0.047619
1 0.350000 0.647619 0.050000 0.047619
1 0.450000 0.647619 0.050000 0.047619
1 0.550000 0.647619 0.050000 0.047619
1 0.650000 0.647619 0.050000 0.047619
1 0.750000 0.647619 0.050000 0.047619
2 0.240625 0.747619 0.006250 0.047619
2 0.559375 0.895238 0.006250 0.047619
3 0.565625 0.071429 0.043750 0.038095