0 0.321875 0.904762 0.043750 0.047619
1 0.325000 0.171429 0.050000 0.047619
1 0.425000 0.171429 0.050000 0.047619
1 0.525000 0.171429 0.050000 0.047619
1 0.625000 0.171429 0.050000 0.047619
1 0.725000 0.171429 0.050000 0.047619
1 0.825000 0.171429 0.050000 0.047619
1 0.325000 0.257143 0.050000 0.047619
1 0.425000 0.257143 0.050000 0.047619
1 0.525000 0.257143 0.050000 0.047619
1 0.625000 0.257143 0.050000 0.047619
1 0.725000 0.257143 0.050000 0.047619
1 0.825000 0.257143 0.050000 0.047619
1 0.325000 0.342857 0.050000 0.047619
1 0.425000 0.342857 0.050000 0.047619
1 0.525000 0.342857 0.050000 0.047619
1 0.625000 0.342857 0.050000 0.047619
1 0.725000 0.342857 0.050000 0.047619
1 0.825000 0.342857 0.050000 0.047619
1 0.325000 0.428571 0.050000 0.047619
1 0.425000 0.428571 0.050000 0.047619
1 0.525000 0.428571 0.050000 0.047619
1 0.625000 0.428571 0.050000 0.047619
1 0.725000 0.428571 0.050000 0.047619
1 0.825000 0.428571 0.050000 0.047619
1 0.325000 0.514286 0.050000 0.047619
1 0.425000 0.514286 0.050000 0.047619
1 0.525000 0.514286 0.050000 0.047619
1 0.625000 0.514286 0.050000 0.047619
1 0.725000 0.514286 0.050000 0.047619
1 0.825000 0.514286 0.050000 0.047619
1 0.325000 0.600000 0.050000 0.047619
1 0.425000 0.600000 0.050000 0.047619
1 0.525000 0.600000 0.050000 0.047619
1 0.625000 0.600000 0.050000 0.047619
1 0.725000 0.600000 0.050000 0.047619
1 0.825000 0.600000 0.050000 0.047619
2 0.253125 0.138095 0.006250 0.047619
2 0.415625 0.942857 0.006250 0.047619
2 0.628125 0.657143 0.006250 0.047619