0 0.321875 0.904762 0.043750 0.047619
1 0.181250 0.171429 0.050000 0.047619
1 0.281250 0.171429 0.050000 0.047619
1 0.381250 0.171429 0.050000 0.047619
1 0.481250 0.171429 0.050000 0.047619
1 0.581250 0.171429 0.050000 0.047619
1 0.681250 0.171429 0.050000 0.047619
1 0.181250 0.257143 0.050000 0.047619
1 0.281250 0.257143 0.050000 0.047619
1 0.381250 0.257143 0.050000 0.047619
1 0.481250 0.257143 0.050000 0.047619
1 0.581250 0.257143 0.050000 0.047619
1 0.681250 0.257143 0.050000 0.047619
1 0.181250 0.342857 0.050000 0.047619
1 0.281250 0.342857 0.050000 0.047619
1 0.381250 0.342857 0.050000 0.047619
1 0.481250 0.342857 0.050000 0.047619
1 0.581250 0.342857 0.050000 0.047619
1 0.681250 0.342857 0.050000 0.047619
1 0.181250 0.428571 0.050000 0.047619
1 0.281250 0.428571 0.050000 0.047619
1 0.381250 0.428571 0.050000 0.047619
1 0.481250 0.428571 0.050000 0.047619
1 0.581250 0.428571 0.050000 0.047619
1 0.681250 0.428571 0.050000 0.047619
1 0.181250 0.514286 0.050000 0.047619
1 0.281250 0.514286 0.050000 0.047619
1 0.381250 0.514286 0.050000 0.047619
1 0.481250 0.514286 0.050000 0.047619
1 0.581250 0.514286 0.050000 0.047619
1 0.681250 0.514286 0.050000 0.047619
1 0.181250 0.600000 0.050000 0.047619
1 0.281250 0.600000 0.050000 0.047619
1 0.381250 0.600000 0.050000 0.047619
1 0.481250 0.600000 0.050000 0.047619
1 0.581250 0.600000 0.050000 0.047619
1 0.681250 0.600000 0.050000 0.047619
2 0.309375 0.595238 0.006250 0.047619
2 0.571875 0.919048 0.006250 0.047619