0 0.371875 0.904762 0.043750 0.047619
1 0.256250 0.171429 0.050000 0.047619
1 0.456250 0.171429 0.050000 0.047619
1 0.556250 0.171429 0.050000 0.047619
1 0.656250 0.171429 0.050000 0.047619
1 0.756250 0.171429 0.050000 0.047619
1 0.256250 0.257143 0.050000 0.047619
1 0.356250 0.257143 0.050000 0.047619
1 0.456250 0.257143 0.050000 0.047619
1 0.556250 0.257143 0.050000 0.047619
1 0.656250 0.257143 0.050000 0.047619
1 0.756250 0.257143 0.050000 0.047619
1 0.256250 0.342857 0.050000 0.047619
1 0.356250 0.342857 0.050000 0.047619
1 0.456250 0.342857 0.050000 0.047619
1 0.556250 0.342857 0.050000 0.047619
1 0.656250 0.342857 0.050000 0.047619
1 0.756250 0.342857 0.050000 0.047619
1 0.256250 0.428571 0.050000 0.047619
1 0.456250 0.428571 0.050000 0.047619
1 0.556250 0.428571 0.050000 0.047619
1 0.656250 0.428571 0.050000 0.047619
1 0.756250 0.428571 0.050000 0.047619
1 0.256250 0.514286 0.050000 0.047619
1 0.456250 0.514286 0.050000 0.047619
1 0.556250 0.514286 0.050000 0.047619
1 0.656250 0.514286 0.050000 0.047619
1 0.756250 0.514286 0.050000 0.047619
1 0.256250 0.600000 0.050000 0.047619
1 0.456250 0.600000 0.050000 0.047619
1 0.556250 0.600000 0.050000 0.047619
1 0.656250 0.600000 0.050000 0.047619
1 0.756250 0.600000 0.050000 0.047619
2 0.321875 0.576190 0.006250 0.047619
2 0.646875 0.980952 0.006250 0.047619
2 0.653125 0.695238 0.006250 0.047619