0 0.334375 0.904762 0.043750 0.047619
1 0.425000 0.266667 0.050000 0.047619
1 0.525000 0.266667 0.050000 0.047619
1 0.625000 0.266667 0.050000 0.047619
1 0.725000 0.266667 0.050000 0.047619
1 0.825000 0.266667 0.050000 0.047619
1 0.425000 0.352381 0.050000 0.047619
1 0.525000 0.352381 0.050000 0.047619
1 0.625000 0.352381 0.050000 0.047619
1 0.725000 0.352381 0.050000 0.047619
1 0.825000 0.352381 0.050000 0.047619
1 0.525000 0.438095 0.050000 0.047619
1 0.625000 0.438095 0.050000 0.047619
1 0.725000 0.438095 0.050000 0.047619
1 0.825000 0.438095 0.050000 0.047619
1 0.425000 0.523810 0.050000 0.047619
1 0.525000 0.523810 0.050000 0.047619
1 0.625000 0.523810 0.050000 0.047619
1 0.725000 0.523810 0.050000 0.047619
1 0.825000 0.523810 0.050000 0.047619
1 0.425000 0.609524 0.050000 0.047619
1 0.525000 0.609524 0.050000 0.047619
1 0.625000 0.609524 0.050000 0.047619
1 0.725000 0.609524 0.050000 0.047619
1 0.825000 0.609524 0.050000 0.047619
1 0.525000 0.695238 0.050000 0.047619
1 0.625000 0.695238 0.050000 0.047619
1 0.725000 0.695238 0.050000 0.047619
1 0.825000 0.695238 0.050000 0.047619
2 0.253125 0.214286 0.006250 0.047619
2 0.828125 0.752381 0.006250 0.047619