0 0.353125 0.904762 0.043750 0.047619
1 0.287500 0.219048 0.050000 0.047619
1 0.487500 0.219048 0.050000 0.047619
1 0.587500 0.219048 0.050000 0.047619
1 0.687500 0.219048 0.050000 0.047619
1 0.787500 0.219048 0.050000 0.047619
1 0.287500 0.304762 0.050000 0.047619
1 0.387500 0.304762 0.050000 0.047619
1 0.487500 0.304762 0.050000 0.047619
1 0.587500 0.304762 0.050000 0.047619
1 0.687500 0.304762 0.050000 0.047619
1 0.787500 0.304762 0.050000 0.047619
1 0.287500 0.390476 0.050000 0.047619
1 0.387500 0.390476 0.050000 0.047619
1 0.487500 0.390476 0.050000 0.047619
1 0.587500 0.390476 0.050000 0.047619
1 0.687500 0.390476 0.050000 0.047619
1 0.787500 0.390476 0.050000 0.047619
1 0.287500 0.476190 0.050000 0.047619
1 0.487500 0.476190 0.050000 0.047619
1 0.587500 0.476190 0.050000 0.047619
1 0.687500 0.476190 0.050000 0.047619
1 0.787500 0.476190 0.050000 0.047619
1 0.287500 0.561905 0.050000 0.047619
1 0.487500 0.561905 0.050000 0.047619
1 0.587500 0.561905 0.050000 0.047619
1 0.687500 0.561905 0.050000 0.047619
1 0.787500 0.561905 0.050000 0.047619
1 0.487500 0.647619 0.050000 0.047619
1 0.587500 0.647619 0.050000 0.047619
1 0.687500 0.647619 0.050000 0.047619
1 0.787500 0.647619 0.050000 0.047619
2 0.340625 0.104762 0.006250 0.047619
2 0.296875 0.752381 0.006250 0.047619
3 0.778125 0.071429 0.043750 0.038095