0 0.290625 0.904762 0.043750 0.047619
1 0.187500 0.219048 0.050000 0.047619
1 0.287500 0.219048 0.050000 0.047619
1 0.387500 0.219048 0.050000 0.047619
1 0.487500 0.219048 0.050000 0.047619
1 0.587500 0.219048 0.050000 0.047619
1 0.687500 0.219048 0.050000 0.047619
1 0.187500 0.304762 0.050000 0.047619
1 0.287500 0.304762 0.050000 0.047619
1 0.387500 0.304762 0.050000 0.047619
1 0.487500 0.304762 0.050000 0.047619
1 0.587500 0.304762 0.050000 0.047619
1 0.687500 0.304762 0.050000 0.047619
1 0.287500 0.390476 0.050000 0.047619
1 0.387500 0.390476 0.050000 0.047619
1 0.487500 0.390476 0.050000 0.047619
1 0.587500 0.390476 0.050000 0.047619
1 0.687500 0.390476 0.050000 0.047619
1 0.287500 0.476190 0.050000 0.047619
1 0.387500 0.476190 0.050000 0.047619
1 0.487500 0.476190 0.050000 0.047619
1 0.587500 0.476190 0.050000 0.047619
1 0.687500 0.476190 0.050000 0.047619
1 0.287500 0.561905 0.050000 0.047619
1 0.387500 0.561905 0.050000 0.047619
1 0.487500 0.561905 0.050000 0.047619
1 0.587500 0.561905 0.050000 0.047619
1 0.687500 0.561905 0.050000 0.047619
1 0.287500 0.647619 0.050000 0.047619
1 0.387500 0.647619 0.050000 0.047619
1 0.487500 0.647619 0.050000 0.047619
1 0.587500 0.647619 0.050000 0.047619
1 0.687500 0.647619 0.050000 0.047619
2 0.253125 0.595238 0.006250 0.047619
2 0.203125 0.647619 0.006250 0.047619
2 0.390625 0.704762 0.006250 0.047619