0 0.471875 0.904762 0.043750 0.047619
1 0.537500 0.314286 0.050000 0.047619
1 0.637500 0.314286 0.050000 0.047619
1 0.737500 0.314286 0.050000 0.047619
1 0.537500 0.400000 0.050000 0.047619
1 0.637500 0.400000 0.050000 0.047619
1 0.737500 0.400000 0.050000 0.047619
1 0.537500 0.485714 0.050000 0.047619
1 0.637500 0.485714 0.050000 0.047619
1 0.737500 0.485714 0.050000 0.047619
1 0.537500 0.571429 0.050000 0.047619
1 0.637500 0.571429 0.050000 0.047619
1 0.737500 0.571429 0.050000 0.047619
1 0.537500 0.657143 0.050000 0.047619
1 0.637500 0.657143 0.050000 0.047619
1 0.737500 0.657143 0.050000 0.047619
1 0.637500 0.742857 0.050000 0.047619
1 0.737500 0.742857 0.050000 0.047619
2 0.390625 0.552381 0.006250 0.047619
2 0.759375 0.990476 0.006250 0.047619