0 0.340625 0.904762 0.043750 0.047619
1 0.268750 0.219048 0.050000 0.047619
1 0.368750 0.219048 0.050000 0.047619
1 0.468750 0.219048 0.050000 0.047619
1 0.568750 0.219048 0.050000 0.047619
1 0.668750 0.219048 0.050000 0.047619
1 0.768750 0.219048 0.050000 0.047619
1 0.268750 0.304762 0.050000 0.047619
1 0.368750 0.304762 0.050000 0.047619
1 0.468750 0.304762 0.050000 0.047619
1 0.568750 0.304762 0.050000 0.047619
1 0.668750 0.304762 0.050000 0.047619
1 0.768750 0.304762 0.050000 0.047619
1 0.268750 0.390476 0.050000 0.047619
1 0.368750 0.390476 0.050000 0.047619
1 0.468750 0.390476 0.050000 0.047619
1 0.568750 0.390476 0.050000 0.047619
1 0.668750 0.390476 0.050000 0.047619
1 0.768750 0.390476 0.050000 0.047619
1 0.368750 0.476190 0.050000 0.047619
1 0.468750 0.476190 0.050000 0.047619
1 0.568750 0.476190 0.050000 0.047619
1 0.668750 0.476190 0.050000 0.047619
1 0.768750 0.476190 0.050000 0.047619
1 0.368750 0.561905 0.050000 0.047619
1 0.468750 0.561905 0.050000 0.047619
1 0.568750 0.561905 0.050000 0.047619
1 0.668750 0.561905 0.050000 0.047619
1 0.768750 0.561905 0.050000 0.047619
1 0.368750 0.647619 0.050000 0.047619
1 0.468750 0.647619 0.050000 0.047619
1 0.568750 0.647619 0.050000 0.047619
1 0.668750 0.647619 0.050000 0.047619
1 0.768750 0.647619 0.050000 0.047619
2 0.296875 0.842857 0.006250 0.047619
2 0.571875 0.728571 0.006250 0.047619
2 0.284375 0.757143 0.006250 0.047619
3 0.415625 0.071429 0.043750 0.038095