0 0.315625 0.904762 0.043750 0.047619
1 0.231250 0.219048 0.050000 0.047619
1 0.331250 0.219048 0.050000 0.047619
1 0.431250 0.219048 0.050000 0.047619
1 0.531250 0.219048 0.050000 0.047619
1 0.631250 0.219048 0.050000 0.047619
1 0.731250 0.219048 0.050000 0.047619
1 0.231250 0.304762 0.050000 0.047619
1 0.331250 0.304762 0.050000 0.047619
1 0.431250 0.304762 0.050000 0.047619
1 0.531250 0.304762 0.050000 0.047619
1 0.631250 0.304762 0.050000 0.047619
1 0.731250 0.304762 0.050000 0.047619
1 0.231250 0.390476 0.050000 0.047619
1 0.331250 0.390476 0.050000 0.047619
1 0.431250 0.390476 0.050000 0.047619
1 0.531250 0.390476 0.050000 0.047619
1 0.631250 0.390476 0.050000 0.047619
1 0.731250 0.390476 0.050000 0.047619
1 0.231250 0.476190 0.050000 0.047619
1 0.331250 0.476190 0.050000 0.047619
1 0.431250 0.476190 0.050000 0.047619
1 0.531250 0.476190 0.050000 0.047619
1 0.631250 0.476190 0.050000 0.047619
1 0.731250 0.476190 0.050000 0.047619
1 0.231250 0.561905 0.050000 0.047619
1 0.331250 0.561905 0.050000 0.047619
1 0.431250 0.561905 0.050000 0.047619
1 0.531250 0.561905 0.050000 0.047619
1 0.631250 0.561905 0.050000 0.047619
1 0.731250 0.561905 0.050000 0.047619
1 0.231250 0.647619 0.050000 0.047619
1 0.331250 0.647619 0.050000 0.047619
1 0.431250 0.647619 0.050000 0.047619
1 0.531250 0.647619 0.050000 0.047619
1 0.631250 0.647619 0.050000 0.047619
1 0.731250 0.647619 0.050000 0.047619
2 0.290625 0.690476 0.006250 0.047619
2 0.346875 0.961905 0.006250 0.047619
3 0.684375 0.071429 0.043750 0.038095