0 0.378125 0.904762 0.043750 0.047619
1 0.525000 0.266667 0.050000 0.047619
1 0.625000 0.266667 0.050000 0.047619
1 0.725000 0.266667 0.050000 0.047619
1 0.525000 0.352381 0.050000 0.047619
1 0.625000 0.352381 0.050000 0.047619
1 0.725000 0.352381 0.050000 0.047619
1 0.525000 0.438095 0.050000 0.047619
1 0.625000 0.438095 0.050000 0.047619
1 0.725000 0.438095 0.050000 0.047619
1 0.525000 0.523810 0.050000 0.047619
1 0.625000 0.523810 0.050000 0.047619
1 0.725000 0.523810 0.050000 0.047619
1 0.525000 0.609524 0.050000 0.047619
1 0.625000 0.609524 0.050000 0.047619
1 0.725000 0.609524 0.050000 0.047619
1 0.625000 0.695238 0.050000 0.047619
1 0.725000 0.695238 0.050000 0.047619
2 0.296875 0.309524 0.006250 0.047619
2 0.609375 0.942857 0.006250 0.047619
3 0.284375 0.071429 0.043750 0.038095