0 0.371875 0.328571 0.118750 0.066667
0 0.465625 0.307143 0.068750 0.023810
0 0.362500 0.626190 0.025000 0.642857
3 1.000000 0.171429 0.075000 0.057143
3 1.000000 0.171429 0.075000 0.057143
3 1.000000 0.171429 0.075000 0.057143
3 1.000000 0.171429 0.075000 0.057143
3 1.000000 0.171429 0.075000 0.057143
3 1.000000 0.171429 0.075000 0.057143
3 1.000000 0.171429 0.075000 0.057143
3 0.487500 0.171429 0.075000 0.057143
3 0.593750 0.171429 0.075000 0.057143
3 0.700000 0.171429 0.075000 0.057143
3 0.806250 0.171429 0.075000 0.057143
3 0.912500 0.171429 0.075000 0.057143
3 1.000000 0.171429 0.075000 0.057143
3 1.000000 0.171429 0.075000 0.057143
3 1.000000 0.171429 0.075000 0.057143
3 1.000000 0.171429 0.075000 0.057143
3 1.000000 0.171429 0.075000 0.057143
3 1.000000 0.171429 0.075000 0.057143
3 1.000000 0.171429 0.075000 0.057143
3 1.000000 0.171429 0.075000 0.057143
3 1.000000 0.171429 0.075000 0.057143
3 1.000000 0.171429 0.075000 0.057143
3 1.000000 0.171429 0.075000 0.057143
1 0.546875 0.402381 0.056250 0.042857
1 0.953125 0.661905 0.068750 0.066667
1 0.784375 0.526190 0.056250 0.042857
1 0.703125 0.278571 0.056250 0.042857