0 0.609375 0.561905 0.118750 0.066667
3 1.000000 0.171429 0.075000 0.057143
3 1.000000 0.171429 0.075000 0.057143
3 1.000000 0.171429 0.075000 0.057143
3 1.000000 0.171429 0.075000 0.057143
3 0.250000 0.171429 0.075000 0.057143
3 0.356250 0.171429 0.075000 0.057143
3 0.568750 0.171429 0.075000 0.057143
3 0.675000 0.171429 0.075000 0.057143
3 0.781250 0.171429 0.075000 0.057143
3 0.887500 0.171429 0.075000 0.057143
3 0.993750 0.171429 0.075000 0.057143
3 1.000000 0.171429 0.075000 0.057143
3 1.000000 0.171429 0.075000 0.057143
3 1.000000 0.171429 0.075000 0.057143
3 1.000000 0.171429 0.075000 0.057143
3 1.000000 0.171429 0.075000 0.057143
3 1.000000 0.171429 0.075000 0.057143
3 1.000000 0.171429 0.075000 0.057143
3 1.000000 0.171429 0.075000 0.057143
3 1.000000 0.171429 0.075000 0.057143
3 1.000000 0.171429 0.075000 0.057143
3 1.000000 0.171429 0.075000 0.057143
3 1.000000 0.171429 0.075000 0.057143
3 1.000000 0.171429 0.075000 0.057143
3 1.000000 0.171429 0.075000 0.057143
1 1.000000 0.278571 0.056250 0.042857
1 0.153125 0.402381 0.056250 0.042857