0 0.387500 0.557143 0.100000 0.057143
0 0.793750 0.676190 0.050000 0.009524
0 0.400000 0.859524 0.025000 0.642857
3 1.000000 0.161905 0.050000 0.038095
3 0.156250 0.161905 0.050000 0.038095
3 0.475000 0.161905 0.050000 0.038095
3 0.581250 0.161905 0.050000 0.038095
3 0.687500 0.161905 0.050000 0.038095
3 0.793750 0.161905 0.050000 0.038095
3 0.900000 0.161905 0.050000 0.038095
3 1.000000 0.161905 0.050000 0.038095
3 1.000000 0.161905 0.050000 0.038095
3 1.000000 0.161905 0.050000 0.038095
3 1.000000 0.161905 0.050000 0.038095
3 1.000000 0.161905 0.050000 0.038095
3 1.000000 0.161905 0.050000 0.038095
3 1.000000 0.161905 0.050000 0.038095
3 1.000000 0.161905 0.050000 0.038095
3 1.000000 0.161905 0.050000 0.038095
3 1.000000 0.161905 0.050000 0.038095
3 1.000000 0.161905 0.050000 0.038095
3 1.000000 0.161905 0.050000 0.038095
3 1.000000 0.161905 0.050000 0.038095
3 1.000000 0.161905 0.050000 0.038095
3 1.000000 0.161905 0.050000 0.038095
3 1.000000 0.161905 0.050000 0.038095
3 1.000000 0.161905 0.050000 0.038095
3 1.000000 0.161905 0.050000 0.038095
1 0.303125 0.273810 0.031250 0.023810
1 0.109375 0.409524 0.043750 0.047619
1 0.021875 0.657143 0.043750 0.047619
3 0.025000 0.019048 0.050000 0.038095
3 0.075000 0.019048 0.050000 0.038095
3 0.125000 0.019048 0.050000 0.038095
3 0.175000 0.019048 0.050000 0.038095
3 0.225000 0.019048 0.050000 0.038095
3 0.275000 0.019048 0.050000 0.038095
3 0.025000 0.057143 0.050000 0.038095
3 0.075000 0.057143 0.050000 0.038095
3 0.125000 0.057143 0.050000 0.038095
3 0.175000 0.057143 0.050000 0.038095
3 0.225000 0.057143 0.050000 0.038095
3 0.275000 0.057143 0.050000 0.038095
3 0.025000 0.095238 0.050000 0.038095
3 0.075000 0.095238 0.050000 0.038095
3 0.125000 0.095238 0.050000 0.038095
3 0.175000 0.095238 0.050000 0.038095
3 0.225000 0.095238 0.050000 0.038095
3 0.275000 0.095238 0.050000 0.038095
3 0.025000 0.133333 0.050000 0.038095
3 0.075000 0.133333 0.050000 0.038095
3 0.125000 0.133333 0.050000 0.038095
3 0.175000 0.133333 0.050000 0.038095
3 0.225000 0.133333 0.050000 0.038095
3 0.275000 0.133333 0.050000 0.038095