0 0.459375 0.447619 0.118750 0.066667
0 0.684375 0.521429 0.068750 0.023810
0 0.462500 0.745238 0.025000 0.642857
3 0.187500 0.171429 0.075000 0.057143
3 0.293750 0.171429 0.075000 0.057143
3 0.506250 0.171429 0.075000 0.057143
3 0.612500 0.171429 0.075000 0.057143
3 0.718750 0.171429 0.075000 0.057143
3 0.825000 0.171429 0.075000 0.057143
3 0.931250 0.171429 0.075000 0.057143
3 1.000000 0.171429 0.075000 0.057143
3 1.000000 0.171429 0.075000 0.057143
3 1.000000 0.171429 0.075000 0.057143
3 1.000000 0.171429 0.075000 0.057143
3 1.000000 0.171429 0.075000 0.057143
3 1.000000 0.171429 0.075000 0.057143
3 1.000000 0.171429 0.075000 0.057143
3 1.000000 0.171429 0.075000 0.057143
3 1.000000 0.171429 0.075000 0.057143
3 1.000000 0.171429 0.075000 0.057143
3 1.000000 0.171429 0.075000 0.057143
3 1.000000 0.171429 0.075000 0.057143
3 1.000000 0.171429 0.075000 0.057143
3 1.000000 0.171429 0.075000 0.057143
3 1.000000 0.171429 0.075000 0.057143
3 1.000000 0.171429 0.075000 0.057143
3 1.000000 0.171429 0.075000 0.057143
3 1.000000 0.171429 0.075000 0.057143
3 1.000000 0.171429 0.075000 0.057143