0 0.253125 0.533333 0.118750 0.066667
0 0.328125 0.502381 0.068750 0.023810
0 0.243750 0.821429 0.025000 0.642857
3 1.000000 0.171429 0.075000 0.057143
3 1.000000 0.171429 0.075000 0.057143
3 0.418750 0.171429 0.075000 0.057143
3 0.525000 0.171429 0.075000 0.057143
3 0.631250 0.171429 0.075000 0.057143
3 0.737500 0.171429 0.075000 0.057143
3 0.843750 0.171429 0.075000 0.057143
3 0.950000 0.171429 0.075000 0.057143
3 1.000000 0.171429 0.075000 0.057143
3 1.000000 0.171429 0.075000 0.057143
3 1.000000 0.171429 0.075000 0.057143
3 1.000000 0.171429 0.075000 0.057143
3 1.000000 0.171429 0.075000 0.057143
3 1.000000 0.171429 0.075000 0.057143
3 1.000000 0.171429 0.075000 0.057143
3 1.000000 0.171429 0.075000 0.057143
3 1.000000 0.171429 0.075000 0.057143
3 1.000000 0.171429 0.075000 0.057143
3 1.000000 0.171429 0.075000 0.057143
3 1.000000 0.171429 0.075000 0.057143
3 1.000000 0.171429 0.075000 0.057143
3 1.000000 0.171429 0.075000 0.057143
3 1.000000 0.171429 0.075000 0.057143
3 1.000000 0.171429 0.075000 0.057143
1 0.653125 0.278571 0.056250 0.042857
1 0.315625 0.661905 0.068750 0.066667