0 0.400000 0.376190 0.100000 0.057143
0 0.543750 0.438095 0.050000 0.009524
0 0.400000 0.678571 0.025000 0.642857
3 1.000000 0.161905 0.050000 0.038095
3 1.000000 0.161905 0.050000 0.038095
3 1.000000 0.161905 0.050000 0.038095
3 1.000000 0.161905 0.050000 0.038095
3 1.000000 0.161905 0.050000 0.038095
3 0.137500 0.161905 0.050000 0.038095
3 0.243750 0.161905 0.050000 0.038095
3 0.456250 0.161905 0.050000 0.038095
3 0.668750 0.161905 0.050000 0.038095
3 0.775000 0.161905 0.050000 0.038095
3 0.881250 0.161905 0.050000 0.038095
3 0.987500 0.161905 0.050000 0.038095
3 1.000000 0.161905 0.050000 0.038095
3 1.000000 0.161905 0.050000 0.038095
3 1.000000 0.161905 0.050000 0.038095
3 1.000000 0.161905 0.050000 0.038095
3 1.000000 0.161905 0.050000 0.038095
3 1.000000 0.161905 0.050000 0.038095
3 1.000000 0.161905 0.050000 0.038095
3 1.000000 0.161905 0.050000 0.038095
3 1.000000 0.161905 0.050000 0.038095
3 1.000000 0.161905 0.050000 0.038095
3 1.000000 0.161905 0.050000 0.038095
3 1.000000 0.161905 0.050000 0.038095
3 1.000000 0.161905 0.050000 0.038095
1 0.253125 0.657143 0.043750 0.047619
1 0.084375 0.521429 0.031250 0.023810
3 0.025000 0.019048 0.050000 0.038095
3 0.075000 0.019048 0.050000 0.038095
3 0.125000 0.019048 0.050000 0.038095
3 0.175000 0.019048 0.050000 0.038095
3 0.225000 0.019048 0.050000 0.038095
3 0.275000 0.019048 0.050000 0.038095
3 0.025000 0.057143 0.050000 0.038095
3 0.075000 0.057143 0.050000 0.038095
3 0.125000 0.057143 0.050000 0.038095
3 0.175000 0.057143 0.050000 0.038095
3 0.225000 0.057143 0.050000 0.038095
3 0.275000 0.057143 0.050000 0.038095
3 0.025000 0.095238 0.050000 0.038095
3 0.075000 0.095238 0.050000 0.038095
3 0.125000 0.095238 0.050000 0.038095
3 0.175000 0.095238 0.050000 0.038095
3 0.225000 0.095238 0.050000 0.038095
3 0.275000 0.095238 0.050000 0.038095
3 0.025000 0.133333 0.050000 0.038095
3 0.075000 0.133333 0.050000 0.038095
3 0.125000 0.133333 0.050000 0.038095
3 0.175000 0.133333 0.050000 0.038095
3 0.225000 0.133333 0.050000 0.038095
3 0.275000 0.133333 0.050000 0.038095