0 0.159375 0.509524 0.118750 0.066667
0 0.309375 0.440476 0.068750 0.023810
0 0.162500 0.797619 0.025000 0.642857
3 1.000000 0.171429 0.075000 0.057143
3 1.000000 0.171429 0.075000 0.057143
3 1.000000 0.171429 0.075000 0.057143
3 1.000000 0.171429 0.075000 0.057143
3 1.000000 0.171429 0.075000 0.057143
3 1.000000 0.171429 0.075000 0.057143
3 1.000000 0.171429 0.075000 0.057143
3 1.000000 0.171429 0.075000 0.057143
3 0.056250 0.171429 0.075000 0.057143
3 0.375000 0.171429 0.075000 0.057143
3 0.481250 0.171429 0.075000 0.057143
3 0.587500 0.171429 0.075000 0.057143
3 0.693750 0.171429 0.075000 0.057143
3 0.800000 0.171429 0.075000 0.057143
3 0.906250 0.171429 0.075000 0.057143
3 1.000000 0.171429 0.075000 0.057143
3 1.000000 0.171429 0.075000 0.057143
3 1.000000 0.171429 0.075000 0.057143
3 1.000000 0.171429 0.075000 0.057143
3 1.000000 0.171429 0.075000 0.057143
3 1.000000 0.171429 0.075000 0.057143
3 1.000000 0.171429 0.075000 0.057143
3 1.000000 0.171429 0.075000 0.057143
3 1.000000 0.171429 0.075000 0.057143
3 1.000000 0.171429 0.075000 0.057143
1 1.000000 0.661905 0.068750 0.066667
1 1.000000 0.526190 0.056250 0.042857
1 0.828125 0.290476 0.068750 0.066667