0 0.387500 0.295238 0.100000 0.057143
0 0.375000 0.588095 0.025000 0.642857
3 1.000000 0.161905 0.050000 0.038095
3 1.000000 0.161905 0.050000 0.038095
3 1.000000 0.161905 0.050000 0.038095
3 1.000000 0.161905 0.050000 0.038095
3 1.000000 0.161905 0.050000 0.038095
3 1.000000 0.161905 0.050000 0.038095
3 0.068750 0.161905 0.050000 0.038095
3 0.600000 0.161905 0.050000 0.038095
3 0.706250 0.161905 0.050000 0.038095
3 0.812500 0.161905 0.050000 0.038095
3 0.918750 0.161905 0.050000 0.038095
3 1.000000 0.161905 0.050000 0.038095
3 1.000000 0.161905 0.050000 0.038095
3 1.000000 0.161905 0.050000 0.038095
3 1.000000 0.161905 0.050000 0.038095
3 1.000000 0.161905 0.050000 0.038095
3 1.000000 0.161905 0.050000 0.038095
3 1.000000 0.161905 0.050000 0.038095
3 1.000000 0.161905 0.050000 0.038095
3 1.000000 0.161905 0.050000 0.038095
3 1.000000 0.161905 0.050000 0.038095
3 1.000000 0.161905 0.050000 0.038095
3 1.000000 0.161905 0.050000 0.038095
1 0.196875 0.397619 0.031250 0.023810
1 0.603125 0.657143 0.043750 0.047619
1 0.434375 0.521429 0.031250 0.023810
1 1.000000 0.273810 0.031250 0.023810