0 0.378125 0.688095 0.031250 0.052381
4 0.512500 0.083333 0.025000 0.014286
4 0.762500 0.083333 0.025000 0.014286
4 0.587500 0.126190 0.025000 0.014286
4 0.837500 0.126190 0.025000 0.014286
4 0.612500 0.169048 0.025000 0.014286
4 0.662500 0.169048 0.025000 0.014286
4 0.287500 0.211905 0.025000 0.014286
4 0.162500 0.254762 0.025000 0.014286
4 0.487500 0.297619 0.025000 0.014286
4 0.412500 0.340476 0.025000 0.014286
4 0.812500 0.340476 0.025000 0.014286
4 0.287500 0.383333 0.025000 0.014286
4 0.337500 0.383333 0.025000 0.014286
4 0.587500 0.383333 0.025000 0.014286
4 0.462500 0.426190 0.025000 0.014286
4 0.737500 0.469048 0.025000 0.014286
4 0.312500 0.511905 0.025000 0.014286
4 0.787500 0.554762 0.025000 0.014286
4 0.662500 0.597619 0.025000 0.014286
4 0.862500 0.597619 0.025000 0.014286
4 0.837500 0.640476 0.025000 0.014286
4 0.312500 0.683333 0.025000 0.014286
4 0.462500 0.683333 0.025000 0.014286
4 0.187500 0.726190 0.025000 0.014286
4 0.387500 0.726190 0.025000 0.014286
4 0.312500 0.769048 0.025000 0.014286
4 0.862500 0.769048 0.025000 0.014286
1 0.425000 0.123810 0.025000 0.028571
1 0.450000 0.123810 0.025000 0.028571
1 0.475000 0.123810 0.025000 0.028571
1 0.493750 0.080952 0.025000 0.028571
1 0.468750 0.080952 0.025000 0.028571
1 0.443750 0.080952 0.025000 0.028571
1 0.418750 0.080952 0.025000 0.028571
1 0.393750 0.080952 0.025000 0.028571
1 0.368750 0.080952 0.025000 0.028571
2 0.365625 0.561905 0.006250 0.038095