0 0.509375 0.802381 0.031250 0.052381
4 0.512500 0.083333 0.025000 0.014286
4 0.762500 0.083333 0.025000 0.014286
4 0.587500 0.126190 0.025000 0.014286
4 0.837500 0.126190 0.025000 0.014286
4 0.612500 0.169048 0.025000 0.014286
4 0.662500 0.169048 0.025000 0.014286
4 0.287500 0.211905 0.025000 0.014286
4 0.162500 0.254762 0.025000 0.014286
4 0.487500 0.297619 0.025000 0.014286
4 0.412500 0.340476 0.025000 0.014286
4 0.812500 0.340476 0.025000 0.014286
4 0.287500 0.383333 0.025000 0.014286
4 0.337500 0.383333 0.025000 0.014286
4 0.587500 0.383333 0.025000 0.014286
4 0.462500 0.426190 0.025000 0.014286
4 0.737500 0.469048 0.025000 0.014286
4 0.312500 0.511905 0.025000 0.014286
4 0.787500 0.554762 0.025000 0.014286
4 0.662500 0.597619 0.025000 0.014286
4 0.862500 0.597619 0.025000 0.014286
4 0.837500 0.640476 0.025000 0.014286
4 0.312500 0.683333 0.025000 0.014286
4 0.462500 0.683333 0.025000 0.014286
4 0.187500 0.726190 0.025000 0.014286
4 0.387500 0.726190 0.025000 0.014286
4 0.312500 0.769048 0.025000 0.014286
4 0.862500 0.769048 0.025000 0.014286
1 0.150000 0.038095 0.025000 0.028571
1 0.175000 0.038095 0.025000 0.028571
1 0.200000 0.038095 0.025000 0.028571
1 0.225000 0.038095 0.025000 0.028571
1 0.250000 0.038095 0.025000 0.028571
1 0.275000 0.038095 0.025000 0.028571
1 0.300000 0.038095 0.025000 0.028571
1 0.325000 0.038095 0.025000 0.028571
1 0.350000 0.038095 0.025000 0.028571
2 0.515625 0.409524 0.006250 0.038095