1 0.121875 0.257143 0.043750 0.047619
1 0.396875 0.395238 0.043750 0.047619
1 0.459375 0.619048 0.043750 0.047619
1 0.565625 0.376190 0.043750 0.047619
1 0.059375 0.652381 0.043750 0.047619
1 0.959375 0.628571 0.043750 0.047619
4 0.150000 0.304762 0.025000 0.019048
4 0.325000 0.266667 0.025000 0.019048
4 0.575000 0.228571 0.025000 0.019048
4 0.875000 0.228571 0.025000 0.019048
4 0.228125 0.476190 0.031250 0.019048
4 0.400000 0.723810 0.025000 0.019048
4 0.703125 0.590476 0.031250 0.019048
4 0.900000 0.590476 0.025000 0.019048