0 0.428125 0.761905 0.006250 0.009524
1 0.121875 0.257143 0.043750 0.047619
1 0.409375 0.376190 0.043750 0.047619
1 0.359375 0.638095 0.043750 0.047619
1 0.615625 0.380952 0.043750 0.047619
1 0.071875 0.600000 0.043750 0.047619
1 0.946875 0.623810 0.043750 0.047619
4 0.150000 0.304762 0.025000 0.019048
4 0.325000 0.266667 0.025000 0.019048
4 0.575000 0.228571 0.025000 0.019048
4 0.875000 0.228571 0.025000 0.019048
4 0.228125 0.476190 0.031250 0.019048
4 0.400000 0.723810 0.025000 0.019048
4 0.703125 0.590476 0.031250 0.019048
4 0.900000 0.590476 0.025000 0.019048