1 0.096875 0.242857 0.043750 0.047619
1 0.384375 0.400000 0.043750 0.047619
1 0.359375 0.619048 0.043750 0.047619
1 0.396875 0.385714 0.043750 0.047619
1 0.103125 0.771429 0.043750 0.047619
1 0.959375 0.628571 0.043750 0.047619
4 0.150000 0.304762 0.025000 0.019048
4 0.325000 0.266667 0.025000 0.019048
4 0.575000 0.228571 0.025000 0.019048
4 0.875000 0.228571 0.025000 0.019048
4 0.228125 0.476190 0.031250 0.019048
4 0.400000 0.723810 0.025000 0.019048
4 0.703125 0.590476 0.031250 0.019048
4 0.900000 0.590476 0.025000 0.019048