0 0.428125 0.833333 0.006250 0.009524
1 0.046875 0.214286 0.043750 0.047619
1 0.421875 0.390476 0.043750 0.047619
1 0.353125 0.609524 0.043750 0.047619
1 0.503125 0.380952 0.043750 0.047619
1 0.059375 0.652381 0.043750 0.047619
1 0.978125 0.638095 0.043750 0.047619
4 0.150000 0.304762 0.025000 0.019048
4 0.325000 0.266667 0.025000 0.019048
4 0.575000 0.228571 0.025000 0.019048
4 0.875000 0.228571 0.025000 0.019048
4 0.228125 0.476190 0.031250 0.019048
4 0.400000 0.723810 0.025000 0.019048
4 0.703125 0.590476 0.031250 0.019048
4 0.900000 0.590476 0.025000 0.019048