1 0.053125 0.209524 0.043750 0.047619
1 0.409375 0.457143 0.043750 0.047619
1 0.446875 0.623810 0.043750 0.047619
1 0.621875 0.366667 0.043750 0.047619
1 0.084375 0.604762 0.043750 0.047619
1 0.965625 0.633333 0.043750 0.047619
4 0.150000 0.304762 0.025000 0.019048
4 0.325000 0.266667 0.025000 0.019048
4 0.575000 0.228571 0.025000 0.019048
4 0.875000 0.228571 0.025000 0.019048
4 0.228125 0.476190 0.031250 0.019048
4 0.400000 0.723810 0.025000 0.019048
4 0.703125 0.590476 0.031250 0.019048
4 0.900000 0.590476 0.025000 0.019048