1 0.078125 0.233333 0.043750 0.047619
1 0.421875 0.390476 0.043750 0.047619
1 0.340625 0.642857 0.043750 0.047619
1 0.734375 0.366667 0.043750 0.047619
1 0.053125 0.595238 0.043750 0.047619
1 0.984375 0.642857 0.043750 0.047619
4 0.150000 0.304762 0.025000 0.019048
4 0.325000 0.266667 0.025000 0.019048
4 0.575000 0.228571 0.025000 0.019048
4 0.875000 0.228571 0.025000 0.019048
4 0.228125 0.476190 0.031250 0.019048
4 0.400000 0.723810 0.025000 0.019048
4 0.703125 0.590476 0.031250 0.019048
4 0.900000 0.590476 0.025000 0.019048