0 0.453125 0.828571 0.006250 0.009524
1 0.053125 0.219048 0.043750 0.047619
1 0.415625 0.371429 0.043750 0.047619
1 0.403125 0.628571 0.043750 0.047619
1 0.665625 0.371429 0.043750 0.047619
1 0.046875 0.590476 0.043750 0.047619
1 1.000000 0.647619 0.043750 0.047619
4 0.150000 0.304762 0.025000 0.019048
4 0.325000 0.266667 0.025000 0.019048
4 0.575000 0.228571 0.025000 0.019048
4 0.875000 0.228571 0.025000 0.019048
4 0.228125 0.476190 0.031250 0.019048
4 0.400000 0.723810 0.025000 0.019048
4 0.703125 0.590476 0.031250 0.019048
4 0.900000 0.590476 0.025000 0.019048