0 0.428125 0.790476 0.006250 0.009524
1 0.096875 0.242857 0.043750 0.047619
1 0.409375 0.461905 0.043750 0.047619
1 0.390625 0.633333 0.043750 0.047619
1 0.634375 0.361905 0.043750 0.047619
1 0.059375 0.595238 0.043750 0.047619
1 0.978125 0.638095 0.043750 0.047619
4 0.150000 0.304762 0.025000 0.019048
4 0.325000 0.266667 0.025000 0.019048
4 0.575000 0.228571 0.025000 0.019048
4 0.875000 0.228571 0.025000 0.019048
4 0.228125 0.476190 0.031250 0.019048
4 0.400000 0.723810 0.025000 0.019048
4 0.703125 0.590476 0.031250 0.019048
4 0.900000 0.590476 0.025000 0.019048