2 0.471875 0.450000 0.006250 0.004762
4 0.025000 0.019048 0.050000 0.038095
4 0.075000 0.019048 0.050000 0.038095
4 0.125000 0.019048 0.050000 0.038095
4 0.175000 0.019048 0.050000 0.038095
4 0.225000 0.019048 0.050000 0.038095
4 0.275000 0.019048 0.050000 0.038095
4 0.025000 0.057143 0.050000 0.038095
4 0.075000 0.057143 0.050000 0.038095
4 0.125000 0.057143 0.050000 0.038095
4 0.175000 0.057143 0.050000 0.038095
4 0.225000 0.057143 0.050000 0.038095
4 0.275000 0.057143 0.050000 0.038095
4 0.025000 0.095238 0.050000 0.038095
4 0.075000 0.095238 0.050000 0.038095
4 0.125000 0.095238 0.050000 0.038095
4 0.175000 0.095238 0.050000 0.038095
4 0.225000 0.095238 0.050000 0.038095
4 0.275000 0.095238 0.050000 0.038095
4 0.025000 0.133333 0.050000 0.038095
4 0.075000 0.133333 0.050000 0.038095
4 0.125000 0.133333 0.050000 0.038095
4 0.175000 0.133333 0.050000 0.038095
4 0.225000 0.133333 0.050000 0.038095
4 0.275000 0.133333 0.050000 0.038095