1 0.165625 0.111905 0.093750 0.033333
2 0.421875 0.373810 0.006250 0.004762
2 0.871875 0.469048 0.006250 0.004762
4 0.025000 0.019048 0.050000 0.038095
4 0.075000 0.019048 0.050000 0.038095
4 0.125000 0.019048 0.050000 0.038095
4 0.175000 0.019048 0.050000 0.038095
4 0.225000 0.019048 0.050000 0.038095
4 0.275000 0.019048 0.050000 0.038095
4 0.025000 0.057143 0.050000 0.038095
4 0.075000 0.057143 0.050000 0.038095
4 0.125000 0.057143 0.050000 0.038095
4 0.175000 0.057143 0.050000 0.038095
4 0.225000 0.057143 0.050000 0.038095
4 0.275000 0.057143 0.050000 0.038095
4 0.025000 0.095238 0.050000 0.038095
4 0.075000 0.095238 0.050000 0.038095
4 0.125000 0.095238 0.050000 0.038095
4 0.175000 0.095238 0.050000 0.038095
4 0.225000 0.095238 0.050000 0.038095
4 0.275000 0.095238 0.050000 0.038095
4 0.025000 0.133333 0.050000 0.038095
4 0.075000 0.133333 0.050000 0.038095
4 0.125000 0.133333 0.050000 0.038095
4 0.175000 0.133333 0.050000 0.038095
4 0.225000 0.133333 0.050000 0.038095
4 0.275000 0.133333 0.050000 0.038095