0 0.256250 0.904762 0.043750 0.047619
1 0.400000 0.266667 0.050000 0.047619
1 0.500000 0.266667 0.050000 0.047619
1 0.600000 0.266667 0.050000 0.047619
1 0.700000 0.266667 0.050000 0.047619
1 0.800000 0.266667 0.050000 0.047619
1 0.500000 0.352381 0.050000 0.047619
1 0.600000 0.352381 0.050000 0.047619
1 0.700000 0.352381 0.050000 0.047619
1 0.800000 0.352381 0.050000 0.047619
1 0.400000 0.438095 0.050000 0.047619
1 0.500000 0.438095 0.050000 0.047619
1 0.600000 0.438095 0.050000 0.047619
1 0.700000 0.438095 0.050000 0.047619
1 0.800000 0.438095 0.050000 0.047619
1 0.400000 0.523810 0.050000 0.047619
1 0.500000 0.523810 0.050000 0.047619
1 0.600000 0.523810 0.050000 0.047619
1 0.700000 0.523810 0.050000 0.047619
1 0.800000 0.523810 0.050000 0.047619
1 0.400000 0.609524 0.050000 0.047619
1 0.500000 0.609524 0.050000 0.047619
1 0.600000 0.609524 0.050000 0.047619
1 0.700000 0.609524 0.050000 0.047619
1 0.800000 0.609524 0.050000 0.047619
1 0.500000 0.695238 0.050000 0.047619
1 0.600000 0.695238 0.050000 0.047619
1 0.700000 0.695238 0.050000 0.047619
1 0.800000 0.695238 0.050000 0.047619
2 0.240625 0.709524 0.006250 0.047619
3 0.184375 0.071429 0.043750 0.038095