0 0.300000 0.904762 0.043750 0.047619
1 0.431250 0.219048 0.050000 0.047619
1 0.531250 0.219048 0.050000 0.047619
1 0.631250 0.219048 0.050000 0.047619
1 0.431250 0.304762 0.050000 0.047619
1 0.531250 0.304762 0.050000 0.047619
1 0.631250 0.304762 0.050000 0.047619
1 0.431250 0.390476 0.050000 0.047619
1 0.531250 0.390476 0.050000 0.047619
1 0.631250 0.390476 0.050000 0.047619
1 0.531250 0.476190 0.050000 0.047619
1 0.631250 0.476190 0.050000 0.047619
1 0.531250 0.561905 0.050000 0.047619
1 0.631250 0.561905 0.050000 0.047619
1 0.531250 0.647619 0.050000 0.047619
1 0.631250 0.647619 0.050000 0.047619
2 0.321875 0.119048 0.006250 0.047619
2 0.640625 0.800000 0.006250 0.047619
3 0.065625 0.071429 0.043750 0.038095