0 0.350000 0.904762 0.043750 0.047619
1 0.218750 0.266667 0.050000 0.047619
1 0.318750 0.266667 0.050000 0.047619
1 0.418750 0.266667 0.050000 0.047619
1 0.518750 0.266667 0.050000 0.047619
1 0.618750 0.266667 0.050000 0.047619
1 0.718750 0.266667 0.050000 0.047619
1 0.218750 0.352381 0.050000 0.047619
1 0.318750 0.352381 0.050000 0.047619
1 0.418750 0.352381 0.050000 0.047619
1 0.518750 0.352381 0.050000 0.047619
1 0.618750 0.352381 0.050000 0.047619
1 0.718750 0.352381 0.050000 0.047619
1 0.318750 0.438095 0.050000 0.047619
1 0.418750 0.438095 0.050000 0.047619
1 0.518750 0.438095 0.050000 0.047619
1 0.618750 0.438095 0.050000 0.047619
1 0.718750 0.438095 0.050000 0.047619
1 0.218750 0.523810 0.050000 0.047619
1 0.418750 0.523810 0.050000 0.047619
1 0.518750 0.523810 0.050000 0.047619
1 0.618750 0.523810 0.050000 0.047619
1 0.718750 0.523810 0.050000 0.047619
1 0.418750 0.609524 0.050000 0.047619
1 0.518750 0.609524 0.050000 0.047619
1 0.618750 0.609524 0.050000 0.047619
1 0.718750 0.609524 0.050000 0.047619
1 0.418750 0.695238 0.050000 0.047619
1 0.518750 0.695238 0.050000 0.047619
1 0.618750 0.695238 0.050000 0.047619
1 0.718750 0.695238 0.050000 0.047619
2 0.346875 0.161905 0.006250 0.047619
2 0.409375 0.971429 0.006250 0.047619
3 0.840625 0.071429 0.043750 0.038095