0 0.231250 0.904762 0.043750 0.047619
1 0.256250 0.171429 0.050000 0.047619
1 0.356250 0.171429 0.050000 0.047619
1 0.456250 0.171429 0.050000 0.047619
1 0.556250 0.171429 0.050000 0.047619
1 0.656250 0.171429 0.050000 0.047619
1 0.756250 0.171429 0.050000 0.047619
1 0.256250 0.257143 0.050000 0.047619
1 0.356250 0.257143 0.050000 0.047619
1 0.456250 0.257143 0.050000 0.047619
1 0.556250 0.257143 0.050000 0.047619
1 0.656250 0.257143 0.050000 0.047619
1 0.756250 0.257143 0.050000 0.047619
1 0.356250 0.342857 0.050000 0.047619
1 0.456250 0.342857 0.050000 0.047619
1 0.556250 0.342857 0.050000 0.047619
1 0.656250 0.342857 0.050000 0.047619
1 0.756250 0.342857 0.050000 0.047619
1 0.256250 0.428571 0.050000 0.047619
1 0.356250 0.428571 0.050000 0.047619
1 0.456250 0.428571 0.050000 0.047619
1 0.556250 0.428571 0.050000 0.047619
1 0.656250 0.428571 0.050000 0.047619
1 0.756250 0.428571 0.050000 0.047619
1 0.256250 0.514286 0.050000 0.047619
1 0.356250 0.514286 0.050000 0.047619
1 0.456250 0.514286 0.050000 0.047619
1 0.556250 0.514286 0.050000 0.047619
1 0.656250 0.514286 0.050000 0.047619
1 0.756250 0.514286 0.050000 0.047619
1 0.356250 0.600000 0.050000 0.047619
1 0.456250 0.600000 0.050000 0.047619
1 0.556250 0.600000 0.050000 0.047619
1 0.656250 0.600000 0.050000 0.047619
1 0.756250 0.600000 0.050000 0.047619
2 0.246875 0.747619 0.006250 0.047619
2 0.253125 0.585714 0.006250 0.047619
2 0.746875 0.957143 0.006250 0.047619