0 0.250000 0.904762 0.043750 0.047619
1 0.193750 0.171429 0.050000 0.047619
1 0.393750 0.171429 0.050000 0.047619
1 0.493750 0.171429 0.050000 0.047619
1 0.593750 0.171429 0.050000 0.047619
1 0.693750 0.171429 0.050000 0.047619
1 0.193750 0.257143 0.050000 0.047619
1 0.293750 0.257143 0.050000 0.047619
1 0.393750 0.257143 0.050000 0.047619
1 0.493750 0.257143 0.050000 0.047619
1 0.593750 0.257143 0.050000 0.047619
1 0.693750 0.257143 0.050000 0.047619
1 0.193750 0.342857 0.050000 0.047619
1 0.293750 0.342857 0.050000 0.047619
1 0.393750 0.342857 0.050000 0.047619
1 0.493750 0.342857 0.050000 0.047619
1 0.593750 0.342857 0.050000 0.047619
1 0.693750 0.342857 0.050000 0.047619
1 0.393750 0.428571 0.050000 0.047619
1 0.493750 0.428571 0.050000 0.047619
1 0.593750 0.428571 0.050000 0.047619
1 0.693750 0.428571 0.050000 0.047619
1 0.393750 0.514286 0.050000 0.047619
1 0.493750 0.514286 0.050000 0.047619
1 0.593750 0.514286 0.050000 0.047619
1 0.693750 0.514286 0.050000 0.047619
1 0.393750 0.600000 0.050000 0.047619
1 0.493750 0.600000 0.050000 0.047619
1 0.593750 0.600000 0.050000 0.047619
1 0.693750 0.600000 0.050000 0.047619
2 0.240625 0.023810 0.006250 0.047619
2 0.171875 0.961905 0.006250 0.047619
2 0.384375 0.933333 0.006250 0.047619
2 0.596875 0.647619 0.006250 0.047619