0 0.493750 0.904762 0.043750 0.047619
1 0.312500 0.219048 0.050000 0.047619
1 0.512500 0.219048 0.050000 0.047619
1 0.612500 0.219048 0.050000 0.047619
1 0.712500 0.219048 0.050000 0.047619
1 0.812500 0.219048 0.050000 0.047619
1 0.312500 0.304762 0.050000 0.047619
1 0.512500 0.304762 0.050000 0.047619
1 0.612500 0.304762 0.050000 0.047619
1 0.712500 0.304762 0.050000 0.047619
1 0.812500 0.304762 0.050000 0.047619
1 0.312500 0.390476 0.050000 0.047619
1 0.512500 0.390476 0.050000 0.047619
1 0.612500 0.390476 0.050000 0.047619
1 0.712500 0.390476 0.050000 0.047619
1 0.812500 0.390476 0.050000 0.047619
1 0.512500 0.476190 0.050000 0.047619
1 0.612500 0.476190 0.050000 0.047619
1 0.712500 0.476190 0.050000 0.047619
1 0.812500 0.476190 0.050000 0.047619
1 0.512500 0.561905 0.050000 0.047619
1 0.612500 0.561905 0.050000 0.047619
1 0.712500 0.561905 0.050000 0.047619
1 0.812500 0.561905 0.050000 0.047619
1 0.512500 0.647619 0.050000 0.047619
1 0.612500 0.647619 0.050000 0.047619
1 0.712500 0.647619 0.050000 0.047619
1 0.812500 0.647619 0.050000 0.047619
2 0.453125 0.152381 0.006250 0.047619
2 0.815625 0.695238 0.006250 0.047619
2 0.328125 0.676190 0.006250 0.047619
3 1.009375 0.071429 0.043750 0.038095