0 0.281250 0.904762 0.043750 0.047619
1 0.243750 0.171429 0.050000 0.047619
1 0.343750 0.171429 0.050000 0.047619
1 0.443750 0.171429 0.050000 0.047619
1 0.543750 0.171429 0.050000 0.047619
1 0.643750 0.171429 0.050000 0.047619
1 0.743750 0.171429 0.050000 0.047619
1 0.343750 0.257143 0.050000 0.047619
1 0.443750 0.257143 0.050000 0.047619
1 0.543750 0.257143 0.050000 0.047619
1 0.643750 0.257143 0.050000 0.047619
1 0.743750 0.257143 0.050000 0.047619
1 0.243750 0.342857 0.050000 0.047619
1 0.343750 0.342857 0.050000 0.047619
1 0.443750 0.342857 0.050000 0.047619
1 0.543750 0.342857 0.050000 0.047619
1 0.643750 0.342857 0.050000 0.047619
1 0.743750 0.342857 0.050000 0.047619
1 0.243750 0.428571 0.050000 0.047619
1 0.343750 0.428571 0.050000 0.047619
1 0.443750 0.428571 0.050000 0.047619
1 0.543750 0.428571 0.050000 0.047619
1 0.643750 0.428571 0.050000 0.047619
1 0.743750 0.428571 0.050000 0.047619
1 0.443750 0.514286 0.050000 0.047619
1 0.543750 0.514286 0.050000 0.047619
1 0.643750 0.514286 0.050000 0.047619
1 0.743750 0.514286 0.050000 0.047619
1 0.343750 0.600000 0.050000 0.047619
1 0.443750 0.600000 0.050000 0.047619
1 0.543750 0.600000 0.050000 0.047619
1 0.643750 0.600000 0.050000 0.047619
1 0.743750 0.600000 0.050000 0.047619
2 0.309375 0.519048 0.006250 0.047619
2 0.646875 0.671429 0.006250 0.047619
2 0.434375 0.957143 0.006250 0.047619