0 0.287500 0.904762 0.043750 0.047619
1 0.412500 0.266667 0.050000 0.047619
1 0.512500 0.266667 0.050000 0.047619
1 0.612500 0.266667 0.050000 0.047619
1 0.712500 0.266667 0.050000 0.047619
1 0.812500 0.266667 0.050000 0.047619
1 0.412500 0.352381 0.050000 0.047619
1 0.512500 0.352381 0.050000 0.047619
1 0.612500 0.352381 0.050000 0.047619
1 0.712500 0.352381 0.050000 0.047619
1 0.812500 0.352381 0.050000 0.047619
1 0.512500 0.438095 0.050000 0.047619
1 0.612500 0.438095 0.050000 0.047619
1 0.712500 0.438095 0.050000 0.047619
1 0.812500 0.438095 0.050000 0.047619
1 0.412500 0.523810 0.050000 0.047619
1 0.512500 0.523810 0.050000 0.047619
1 0.612500 0.523810 0.050000 0.047619
1 0.712500 0.523810 0.050000 0.047619
1 0.812500 0.523810 0.050000 0.047619
1 0.412500 0.609524 0.050000 0.047619
1 0.512500 0.609524 0.050000 0.047619
1 0.612500 0.609524 0.050000 0.047619
1 0.712500 0.609524 0.050000 0.047619
1 0.812500 0.609524 0.050000 0.047619
1 0.512500 0.695238 0.050000 0.047619
1 0.612500 0.695238 0.050000 0.047619
1 0.712500 0.695238 0.050000 0.047619
1 0.812500 0.695238 0.050000 0.047619
2 0.253125 0.595238 0.006250 0.047619
2 0.403125 0.857143 0.006250 0.047619
3 0.103125 0.071429 0.043750 0.038095