0 0.318750 0.904762 0.043750 0.047619
1 0.181250 0.266667 0.050000 0.047619
1 0.281250 0.266667 0.050000 0.047619
1 0.381250 0.266667 0.050000 0.047619
1 0.481250 0.266667 0.050000 0.047619
1 0.581250 0.266667 0.050000 0.047619
1 0.681250 0.266667 0.050000 0.047619
1 0.181250 0.352381 0.050000 0.047619
1 0.281250 0.352381 0.050000 0.047619
1 0.381250 0.352381 0.050000 0.047619
1 0.481250 0.352381 0.050000 0.047619
1 0.581250 0.352381 0.050000 0.047619
1 0.681250 0.352381 0.050000 0.047619
1 0.181250 0.438095 0.050000 0.047619
1 0.281250 0.438095 0.050000 0.047619
1 0.381250 0.438095 0.050000 0.047619
1 0.481250 0.438095 0.050000 0.047619
1 0.581250 0.438095 0.050000 0.047619
1 0.681250 0.438095 0.050000 0.047619
1 0.281250 0.523810 0.050000 0.047619
1 0.381250 0.523810 0.050000 0.047619
1 0.481250 0.523810 0.050000 0.047619
1 0.581250 0.523810 0.050000 0.047619
1 0.681250 0.523810 0.050000 0.047619
1 0.381250 0.609524 0.050000 0.047619
1 0.481250 0.609524 0.050000 0.047619
1 0.581250 0.609524 0.050000 0.047619
1 0.681250 0.609524 0.050000 0.047619
1 0.381250 0.695238 0.050000 0.047619
1 0.481250 0.695238 0.050000 0.047619
1 0.581250 0.695238 0.050000 0.047619
1 0.681250 0.695238 0.050000 0.047619
2 0.309375 0.176190 0.006250 0.047619
2 0.178125 0.723810 0.006250 0.047619