0 0.237500 0.904762 0.043750 0.047619
1 0.200000 0.171429 0.050000 0.047619
1 0.300000 0.171429 0.050000 0.047619
1 0.400000 0.171429 0.050000 0.047619
1 0.500000 0.171429 0.050000 0.047619
1 0.600000 0.171429 0.050000 0.047619
1 0.700000 0.171429 0.050000 0.047619
1 0.200000 0.257143 0.050000 0.047619
1 0.300000 0.257143 0.050000 0.047619
1 0.400000 0.257143 0.050000 0.047619
1 0.500000 0.257143 0.050000 0.047619
1 0.600000 0.257143 0.050000 0.047619
1 0.700000 0.257143 0.050000 0.047619
1 0.200000 0.342857 0.050000 0.047619
1 0.300000 0.342857 0.050000 0.047619
1 0.400000 0.342857 0.050000 0.047619
1 0.500000 0.342857 0.050000 0.047619
1 0.600000 0.342857 0.050000 0.047619
1 0.700000 0.342857 0.050000 0.047619
1 0.200000 0.428571 0.050000 0.047619
1 0.300000 0.428571 0.050000 0.047619
1 0.400000 0.428571 0.050000 0.047619
1 0.500000 0.428571 0.050000 0.047619
1 0.600000 0.428571 0.050000 0.047619
1 0.700000 0.428571 0.050000 0.047619
1 0.200000 0.514286 0.050000 0.047619
1 0.300000 0.514286 0.050000 0.047619
1 0.400000 0.514286 0.050000 0.047619
1 0.500000 0.514286 0.050000 0.047619
1 0.600000 0.514286 0.050000 0.047619
1 0.700000 0.514286 0.050000 0.047619
1 0.200000 0.600000 0.050000 0.047619
1 0.300000 0.600000 0.050000 0.047619
1 0.400000 0.600000 0.050000 0.047619
1 0.500000 0.600000 0.050000 0.047619
1 0.600000 0.600000 0.050000 0.047619
1 0.700000 0.600000 0.050000 0.047619
2 0.253125 0.504762 0.006250 0.047619
2 0.396875 0.723810 0.006250 0.047619