0 0.250000 0.904762 0.043750 0.047619
1 0.400000 0.171429 0.050000 0.047619
1 0.500000 0.171429 0.050000 0.047619
1 0.600000 0.171429 0.050000 0.047619
1 0.700000 0.171429 0.050000 0.047619
1 0.800000 0.171429 0.050000 0.047619
1 0.400000 0.257143 0.050000 0.047619
1 0.500000 0.257143 0.050000 0.047619
1 0.600000 0.257143 0.050000 0.047619
1 0.700000 0.257143 0.050000 0.047619
1 0.800000 0.257143 0.050000 0.047619
1 0.400000 0.342857 0.050000 0.047619
1 0.500000 0.342857 0.050000 0.047619
1 0.600000 0.342857 0.050000 0.047619
1 0.700000 0.342857 0.050000 0.047619
1 0.800000 0.342857 0.050000 0.047619
1 0.400000 0.428571 0.050000 0.047619
1 0.500000 0.428571 0.050000 0.047619
1 0.600000 0.428571 0.050000 0.047619
1 0.700000 0.428571 0.050000 0.047619
1 0.800000 0.428571 0.050000 0.047619
1 0.400000 0.514286 0.050000 0.047619
1 0.500000 0.514286 0.050000 0.047619
1 0.600000 0.514286 0.050000 0.047619
1 0.700000 0.514286 0.050000 0.047619
1 0.800000 0.514286 0.050000 0.047619
1 0.400000 0.600000 0.050000 0.047619
1 0.500000 0.600000 0.050000 0.047619
1 0.600000 0.600000 0.050000 0.047619
1 0.700000 0.600000 0.050000 0.047619
1 0.800000 0.600000 0.050000 0.047619
2 0.240625 0.219048 0.006250 0.047619