0 0.243750 0.904762 0.043750 0.047619
1 0.225000 0.219048 0.050000 0.047619
1 0.425000 0.219048 0.050000 0.047619
1 0.525000 0.219048 0.050000 0.047619
1 0.625000 0.219048 0.050000 0.047619
1 0.725000 0.219048 0.050000 0.047619
1 0.225000 0.304762 0.050000 0.047619
1 0.325000 0.304762 0.050000 0.047619
1 0.425000 0.304762 0.050000 0.047619
1 0.525000 0.304762 0.050000 0.047619
1 0.625000 0.304762 0.050000 0.047619
1 0.725000 0.304762 0.050000 0.047619
1 0.225000 0.390476 0.050000 0.047619
1 0.325000 0.390476 0.050000 0.047619
1 0.425000 0.390476 0.050000 0.047619
1 0.525000 0.390476 0.050000 0.047619
1 0.625000 0.390476 0.050000 0.047619
1 0.725000 0.390476 0.050000 0.047619
1 0.225000 0.476190 0.050000 0.047619
1 0.425000 0.476190 0.050000 0.047619
1 0.525000 0.476190 0.050000 0.047619
1 0.625000 0.476190 0.050000 0.047619
1 0.725000 0.476190 0.050000 0.047619
1 0.425000 0.561905 0.050000 0.047619
1 0.525000 0.561905 0.050000 0.047619
1 0.625000 0.561905 0.050000 0.047619
1 0.725000 0.561905 0.050000 0.047619
1 0.425000 0.647619 0.050000 0.047619
1 0.525000 0.647619 0.050000 0.047619
1 0.625000 0.647619 0.050000 0.047619
1 0.725000 0.647619 0.050000 0.047619
2 0.240625 0.671429 0.006250 0.047619
2 0.534375 0.933333 0.006250 0.047619
3 0.278125 0.071429 0.043750 0.038095