0 0.293750 0.904762 0.043750 0.047619
1 0.368750 0.314286 0.050000 0.047619
1 0.468750 0.314286 0.050000 0.047619
1 0.568750 0.314286 0.050000 0.047619
1 0.668750 0.314286 0.050000 0.047619
1 0.768750 0.314286 0.050000 0.047619
1 0.468750 0.400000 0.050000 0.047619
1 0.568750 0.400000 0.050000 0.047619
1 0.668750 0.400000 0.050000 0.047619
1 0.768750 0.400000 0.050000 0.047619
1 0.368750 0.485714 0.050000 0.047619
1 0.468750 0.485714 0.050000 0.047619
1 0.568750 0.485714 0.050000 0.047619
1 0.668750 0.485714 0.050000 0.047619
1 0.768750 0.485714 0.050000 0.047619
1 0.368750 0.571429 0.050000 0.047619
1 0.468750 0.571429 0.050000 0.047619
1 0.568750 0.571429 0.050000 0.047619
1 0.668750 0.571429 0.050000 0.047619
1 0.768750 0.571429 0.050000 0.047619
1 0.368750 0.657143 0.050000 0.047619
1 0.468750 0.657143 0.050000 0.047619
1 0.568750 0.657143 0.050000 0.047619
1 0.668750 0.657143 0.050000 0.047619
1 0.768750 0.657143 0.050000 0.047619
1 0.468750 0.742857 0.050000 0.047619
1 0.568750 0.742857 0.050000 0.047619
1 0.668750 0.742857 0.050000 0.047619
1 0.768750 0.742857 0.050000 0.047619
2 0.478125 0.938095 0.006250 0.047619