0 0.312500 0.904762 0.043750 0.047619
1 0.281250 0.219048 0.050000 0.047619
1 0.381250 0.219048 0.050000 0.047619
1 0.481250 0.219048 0.050000 0.047619
1 0.581250 0.219048 0.050000 0.047619
1 0.681250 0.219048 0.050000 0.047619
1 0.781250 0.219048 0.050000 0.047619
1 0.281250 0.304762 0.050000 0.047619
1 0.381250 0.304762 0.050000 0.047619
1 0.481250 0.304762 0.050000 0.047619
1 0.581250 0.304762 0.050000 0.047619
1 0.681250 0.304762 0.050000 0.047619
1 0.781250 0.304762 0.050000 0.047619
1 0.281250 0.390476 0.050000 0.047619
1 0.381250 0.390476 0.050000 0.047619
1 0.481250 0.390476 0.050000 0.047619
1 0.581250 0.390476 0.050000 0.047619
1 0.681250 0.390476 0.050000 0.047619
1 0.781250 0.390476 0.050000 0.047619
1 0.381250 0.476190 0.050000 0.047619
1 0.481250 0.476190 0.050000 0.047619
1 0.581250 0.476190 0.050000 0.047619
1 0.681250 0.476190 0.050000 0.047619
1 0.781250 0.476190 0.050000 0.047619
1 0.381250 0.561905 0.050000 0.047619
1 0.481250 0.561905 0.050000 0.047619
1 0.581250 0.561905 0.050000 0.047619
1 0.681250 0.561905 0.050000 0.047619
1 0.781250 0.561905 0.050000 0.047619
1 0.381250 0.647619 0.050000 0.047619
1 0.481250 0.647619 0.050000 0.047619
1 0.581250 0.647619 0.050000 0.047619
1 0.681250 0.647619 0.050000 0.047619
1 0.781250 0.647619 0.050000 0.047619
2 0.334375 0.371429 0.006250 0.047619
2 0.796875 0.919048 0.006250 0.047619
3 0.290625 0.071429 0.043750 0.038095