0 0.256250 0.904762 0.043750 0.047619
1 0.406250 0.314286 0.050000 0.047619
1 0.506250 0.314286 0.050000 0.047619
1 0.606250 0.314286 0.050000 0.047619
1 0.706250 0.314286 0.050000 0.047619
1 0.806250 0.314286 0.050000 0.047619
1 0.406250 0.400000 0.050000 0.047619
1 0.506250 0.400000 0.050000 0.047619
1 0.606250 0.400000 0.050000 0.047619
1 0.706250 0.400000 0.050000 0.047619
1 0.806250 0.400000 0.050000 0.047619
1 0.506250 0.485714 0.050000 0.047619
1 0.606250 0.485714 0.050000 0.047619
1 0.706250 0.485714 0.050000 0.047619
1 0.806250 0.485714 0.050000 0.047619
1 0.406250 0.571429 0.050000 0.047619
1 0.506250 0.571429 0.050000 0.047619
1 0.606250 0.571429 0.050000 0.047619
1 0.706250 0.571429 0.050000 0.047619
1 0.806250 0.571429 0.050000 0.047619
1 0.406250 0.657143 0.050000 0.047619
1 0.506250 0.657143 0.050000 0.047619
1 0.606250 0.657143 0.050000 0.047619
1 0.706250 0.657143 0.050000 0.047619
1 0.806250 0.657143 0.050000 0.047619
1 0.506250 0.742857 0.050000 0.047619
1 0.606250 0.742857 0.050000 0.047619
1 0.706250 0.742857 0.050000 0.047619
1 0.806250 0.742857 0.050000 0.047619
2 0.284375 0.676190 0.006250 0.047619
2 0.815625 0.895238 0.006250 0.047619