0 0.318750 0.904762 0.043750 0.047619
1 0.256250 0.171429 0.050000 0.047619
1 0.456250 0.171429 0.050000 0.047619
1 0.556250 0.171429 0.050000 0.047619
1 0.656250 0.171429 0.050000 0.047619
1 0.756250 0.171429 0.050000 0.047619
1 0.256250 0.257143 0.050000 0.047619
1 0.356250 0.257143 0.050000 0.047619
1 0.456250 0.257143 0.050000 0.047619
1 0.556250 0.257143 0.050000 0.047619
1 0.656250 0.257143 0.050000 0.047619
1 0.756250 0.257143 0.050000 0.047619
1 0.356250 0.342857 0.050000 0.047619
1 0.456250 0.342857 0.050000 0.047619
1 0.556250 0.342857 0.050000 0.047619
1 0.656250 0.342857 0.050000 0.047619
1 0.756250 0.342857 0.050000 0.047619
1 0.356250 0.428571 0.050000 0.047619
1 0.456250 0.428571 0.050000 0.047619
1 0.556250 0.428571 0.050000 0.047619
1 0.656250 0.428571 0.050000 0.047619
1 0.756250 0.428571 0.050000 0.047619
1 0.356250 0.514286 0.050000 0.047619
1 0.456250 0.514286 0.050000 0.047619
1 0.556250 0.514286 0.050000 0.047619
1 0.656250 0.514286 0.050000 0.047619
1 0.756250 0.514286 0.050000 0.047619
1 0.356250 0.600000 0.050000 0.047619
1 0.456250 0.600000 0.050000 0.047619
1 0.556250 0.600000 0.050000 0.047619
1 0.656250 0.600000 0.050000 0.047619
1 0.756250 0.600000 0.050000 0.047619
2 0.315625 0.561905 0.006250 0.047619
2 0.234375 0.933333 0.006250 0.047619
2 0.546875 0.990476 0.006250 0.047619
2 0.453125 0.704762 0.006250 0.047619