0 0.300000 0.904762 0.043750 0.047619
1 0.287500 0.314286 0.050000 0.047619
1 0.387500 0.314286 0.050000 0.047619
1 0.487500 0.314286 0.050000 0.047619
1 0.587500 0.314286 0.050000 0.047619
1 0.287500 0.400000 0.050000 0.047619
1 0.387500 0.400000 0.050000 0.047619
1 0.487500 0.400000 0.050000 0.047619
1 0.587500 0.400000 0.050000 0.047619
1 0.287500 0.485714 0.050000 0.047619
1 0.387500 0.485714 0.050000 0.047619
1 0.487500 0.485714 0.050000 0.047619
1 0.587500 0.485714 0.050000 0.047619
1 0.387500 0.571429 0.050000 0.047619
1 0.487500 0.571429 0.050000 0.047619
1 0.587500 0.571429 0.050000 0.047619
1 0.387500 0.657143 0.050000 0.047619
1 0.487500 0.657143 0.050000 0.047619
1 0.587500 0.657143 0.050000 0.047619
1 0.387500 0.742857 0.050000 0.047619
1 0.487500 0.742857 0.050000 0.047619
1 0.587500 0.742857 0.050000 0.047619
2 0.271875 0.576190 0.006250 0.047619
2 0.309375 0.733333 0.006250 0.047619