0 0.268750 0.904762 0.043750 0.047619
1 0.212500 0.219048 0.050000 0.047619
1 0.312500 0.219048 0.050000 0.047619
1 0.412500 0.219048 0.050000 0.047619
1 0.512500 0.219048 0.050000 0.047619
1 0.612500 0.219048 0.050000 0.047619
1 0.712500 0.219048 0.050000 0.047619
1 0.312500 0.304762 0.050000 0.047619
1 0.412500 0.304762 0.050000 0.047619
1 0.512500 0.304762 0.050000 0.047619
1 0.612500 0.304762 0.050000 0.047619
1 0.712500 0.304762 0.050000 0.047619
1 0.312500 0.390476 0.050000 0.047619
1 0.412500 0.390476 0.050000 0.047619
1 0.512500 0.390476 0.050000 0.047619
1 0.612500 0.390476 0.050000 0.047619
1 0.712500 0.390476 0.050000 0.047619
1 0.312500 0.476190 0.050000 0.047619
1 0.412500 0.476190 0.050000 0.047619
1 0.512500 0.476190 0.050000 0.047619
1 0.612500 0.476190 0.050000 0.047619
1 0.712500 0.476190 0.050000 0.047619
1 0.312500 0.561905 0.050000 0.047619
1 0.412500 0.561905 0.050000 0.047619
1 0.512500 0.561905 0.050000 0.047619
1 0.612500 0.561905 0.050000 0.047619
1 0.712500 0.561905 0.050000 0.047619
1 0.312500 0.647619 0.050000 0.047619
1 0.412500 0.647619 0.050000 0.047619
1 0.512500 0.647619 0.050000 0.047619
1 0.612500 0.647619 0.050000 0.047619
1 0.712500 0.647619 0.050000 0.047619
2 0.721875 0.938095 0.006250 0.047619
3 0.859375 0.071429 0.043750 0.038095