0 0.375000 0.904762 0.043750 0.047619
1 0.556250 0.266667 0.050000 0.047619
1 0.656250 0.266667 0.050000 0.047619
1 0.756250 0.266667 0.050000 0.047619
1 0.556250 0.352381 0.050000 0.047619
1 0.656250 0.352381 0.050000 0.047619
1 0.756250 0.352381 0.050000 0.047619
1 0.556250 0.438095 0.050000 0.047619
1 0.656250 0.438095 0.050000 0.047619
1 0.756250 0.438095 0.050000 0.047619
1 0.556250 0.523810 0.050000 0.047619
1 0.656250 0.523810 0.050000 0.047619
1 0.756250 0.523810 0.050000 0.047619
1 0.556250 0.609524 0.050000 0.047619
1 0.656250 0.609524 0.050000 0.047619
1 0.756250 0.609524 0.050000 0.047619
1 0.656250 0.695238 0.050000 0.047619
1 0.756250 0.695238 0.050000 0.047619
2 0.365625 0.771429 0.006250 0.047619
2 0.659375 0.752381 0.006250 0.047619
3 0.409375 0.071429 0.043750 0.038095