0 0.337500 0.904762 0.043750 0.047619
1 0.412500 0.171429 0.050000 0.047619
1 0.512500 0.171429 0.050000 0.047619
1 0.612500 0.171429 0.050000 0.047619
1 0.712500 0.171429 0.050000 0.047619
1 0.812500 0.171429 0.050000 0.047619
1 0.512500 0.257143 0.050000 0.047619
1 0.612500 0.257143 0.050000 0.047619
1 0.712500 0.257143 0.050000 0.047619
1 0.812500 0.257143 0.050000 0.047619
1 0.512500 0.342857 0.050000 0.047619
1 0.612500 0.342857 0.050000 0.047619
1 0.712500 0.342857 0.050000 0.047619
1 0.812500 0.342857 0.050000 0.047619
1 0.512500 0.428571 0.050000 0.047619
1 0.612500 0.428571 0.050000 0.047619
1 0.712500 0.428571 0.050000 0.047619
1 0.812500 0.428571 0.050000 0.047619
1 0.512500 0.514286 0.050000 0.047619
1 0.612500 0.514286 0.050000 0.047619
1 0.712500 0.514286 0.050000 0.047619
1 0.812500 0.514286 0.050000 0.047619
1 0.512500 0.600000 0.050000 0.047619
1 0.612500 0.600000 0.050000 0.047619
1 0.712500 0.600000 0.050000 0.047619
1 0.812500 0.600000 0.050000 0.047619
2 0.346875 0.666667 0.006250 0.047619
2 0.715625 0.676190 0.006250 0.047619
2 0.403125 0.533333 0.006250 0.047619