0 0.250000 0.904762 0.043750 0.047619
1 0.237500 0.266667 0.050000 0.047619
1 0.337500 0.266667 0.050000 0.047619
1 0.437500 0.266667 0.050000 0.047619
1 0.537500 0.266667 0.050000 0.047619
1 0.637500 0.266667 0.050000 0.047619
1 0.737500 0.266667 0.050000 0.047619
1 0.437500 0.352381 0.050000 0.047619
1 0.537500 0.352381 0.050000 0.047619
1 0.637500 0.352381 0.050000 0.047619
1 0.737500 0.352381 0.050000 0.047619
1 0.337500 0.438095 0.050000 0.047619
1 0.437500 0.438095 0.050000 0.047619
1 0.537500 0.438095 0.050000 0.047619
1 0.637500 0.438095 0.050000 0.047619
1 0.737500 0.438095 0.050000 0.047619
1 0.337500 0.523810 0.050000 0.047619
1 0.437500 0.523810 0.050000 0.047619
1 0.537500 0.523810 0.050000 0.047619
1 0.637500 0.523810 0.050000 0.047619
1 0.737500 0.523810 0.050000 0.047619
1 0.337500 0.609524 0.050000 0.047619
1 0.437500 0.609524 0.050000 0.047619
1 0.537500 0.609524 0.050000 0.047619
1 0.637500 0.609524 0.050000 0.047619
1 0.737500 0.609524 0.050000 0.047619
1 0.437500 0.695238 0.050000 0.047619
1 0.537500 0.695238 0.050000 0.047619
1 0.637500 0.695238 0.050000 0.047619
1 0.737500 0.695238 0.050000 0.047619
2 0.278125 0.119048 0.006250 0.047619
2 0.334375 0.804762 0.006250 0.047619
3 0.684375 0.071429 0.043750 0.038095