0 0.325000 0.904762 0.043750 0.047619
1 0.318750 0.219048 0.050000 0.047619
1 0.418750 0.219048 0.050000 0.047619
1 0.518750 0.219048 0.050000 0.047619
1 0.618750 0.219048 0.050000 0.047619
1 0.718750 0.219048 0.050000 0.047619
1 0.818750 0.219048 0.050000 0.047619
1 0.418750 0.304762 0.050000 0.047619
1 0.518750 0.304762 0.050000 0.047619
1 0.618750 0.304762 0.050000 0.047619
1 0.718750 0.304762 0.050000 0.047619
1 0.818750 0.304762 0.050000 0.047619
1 0.418750 0.390476 0.050000 0.047619
1 0.518750 0.390476 0.050000 0.047619
1 0.618750 0.390476 0.050000 0.047619
1 0.718750 0.390476 0.050000 0.047619
1 0.818750 0.390476 0.050000 0.047619
1 0.318750 0.476190 0.050000 0.047619
1 0.418750 0.476190 0.050000 0.047619
1 0.518750 0.476190 0.050000 0.047619
1 0.618750 0.476190 0.050000 0.047619
1 0.718750 0.476190 0.050000 0.047619
1 0.818750 0.476190 0.050000 0.047619
1 0.418750 0.561905 0.050000 0.047619
1 0.518750 0.561905 0.050000 0.047619
1 0.618750 0.561905 0.050000 0.047619
1 0.718750 0.561905 0.050000 0.047619
1 0.818750 0.561905 0.050000 0.047619
1 0.418750 0.647619 0.050000 0.047619
1 0.518750 0.647619 0.050000 0.047619
1 0.618750 0.647619 0.050000 0.047619
1 0.718750 0.647619 0.050000 0.047619
1 0.818750 0.647619 0.050000 0.047619
2 0.371875 0.214286 0.006250 0.047619
2 0.628125 0.795238 0.006250 0.047619