0 0.243750 0.904762 0.043750 0.047619
1 0.400000 0.219048 0.050000 0.047619
1 0.500000 0.219048 0.050000 0.047619
1 0.600000 0.219048 0.050000 0.047619
1 0.700000 0.219048 0.050000 0.047619
1 0.400000 0.304762 0.050000 0.047619
1 0.500000 0.304762 0.050000 0.047619
1 0.600000 0.304762 0.050000 0.047619
1 0.700000 0.304762 0.050000 0.047619
1 0.500000 0.390476 0.050000 0.047619
1 0.600000 0.390476 0.050000 0.047619
1 0.700000 0.390476 0.050000 0.047619
1 0.500000 0.476190 0.050000 0.047619
1 0.600000 0.476190 0.050000 0.047619
1 0.700000 0.476190 0.050000 0.047619
1 0.500000 0.561905 0.050000 0.047619
1 0.600000 0.561905 0.050000 0.047619
1 0.700000 0.561905 0.050000 0.047619
1 0.500000 0.647619 0.050000 0.047619
1 0.600000 0.647619 0.050000 0.047619
1 0.700000 0.647619 0.050000 0.047619
2 0.253125 0.695238 0.006250 0.047619
2 0.415625 0.457143 0.006250 0.047619