0 0.331250 0.904762 0.043750 0.047619
1 0.300000 0.219048 0.050000 0.047619
1 0.400000 0.219048 0.050000 0.047619
1 0.500000 0.219048 0.050000 0.047619
1 0.600000 0.219048 0.050000 0.047619
1 0.700000 0.219048 0.050000 0.047619
1 0.800000 0.219048 0.050000 0.047619
1 0.300000 0.304762 0.050000 0.047619
1 0.400000 0.304762 0.050000 0.047619
1 0.500000 0.304762 0.050000 0.047619
1 0.600000 0.304762 0.050000 0.047619
1 0.700000 0.304762 0.050000 0.047619
1 0.800000 0.304762 0.050000 0.047619
1 0.300000 0.390476 0.050000 0.047619
1 0.400000 0.390476 0.050000 0.047619
1 0.500000 0.390476 0.050000 0.047619
1 0.600000 0.390476 0.050000 0.047619
1 0.700000 0.390476 0.050000 0.047619
1 0.800000 0.390476 0.050000 0.047619
1 0.400000 0.476190 0.050000 0.047619
1 0.500000 0.476190 0.050000 0.047619
1 0.600000 0.476190 0.050000 0.047619
1 0.700000 0.476190 0.050000 0.047619
1 0.800000 0.476190 0.050000 0.047619
1 0.400000 0.561905 0.050000 0.047619
1 0.500000 0.561905 0.050000 0.047619
1 0.600000 0.561905 0.050000 0.047619
1 0.700000 0.561905 0.050000 0.047619
1 0.800000 0.561905 0.050000 0.047619
1 0.400000 0.647619 0.050000 0.047619
1 0.500000 0.647619 0.050000 0.047619
1 0.600000 0.647619 0.050000 0.047619
1 0.700000 0.647619 0.050000 0.047619
1 0.800000 0.647619 0.050000 0.047619
2 0.334375 0.752381 0.006250 0.047619
2 0.509375 0.823810 0.006250 0.047619
3 0.165625 0.071429 0.043750 0.038095