0 0.275000 0.904762 0.043750 0.047619
1 0.318750 0.314286 0.050000 0.047619
1 0.418750 0.314286 0.050000 0.047619
1 0.518750 0.314286 0.050000 0.047619
1 0.618750 0.314286 0.050000 0.047619
1 0.318750 0.400000 0.050000 0.047619
1 0.418750 0.400000 0.050000 0.047619
1 0.518750 0.400000 0.050000 0.047619
1 0.618750 0.400000 0.050000 0.047619
1 0.318750 0.485714 0.050000 0.047619
1 0.418750 0.485714 0.050000 0.047619
1 0.518750 0.485714 0.050000 0.047619
1 0.618750 0.485714 0.050000 0.047619
1 0.418750 0.571429 0.050000 0.047619
1 0.518750 0.571429 0.050000 0.047619
1 0.618750 0.571429 0.050000 0.047619
1 0.418750 0.657143 0.050000 0.047619
1 0.518750 0.657143 0.050000 0.047619
1 0.618750 0.657143 0.050000 0.047619
1 0.418750 0.742857 0.050000 0.047619
1 0.518750 0.742857 0.050000 0.047619
1 0.618750 0.742857 0.050000 0.047619
2 0.628125 0.895238 0.006250 0.047619