0 0.250000 0.904762 0.043750 0.047619
1 0.325000 0.219048 0.050000 0.047619
1 0.425000 0.219048 0.050000 0.047619
1 0.525000 0.219048 0.050000 0.047619
1 0.625000 0.219048 0.050000 0.047619
1 0.725000 0.219048 0.050000 0.047619
1 0.325000 0.304762 0.050000 0.047619
1 0.425000 0.304762 0.050000 0.047619
1 0.525000 0.304762 0.050000 0.047619
1 0.625000 0.304762 0.050000 0.047619
1 0.725000 0.304762 0.050000 0.047619
1 0.325000 0.390476 0.050000 0.047619
1 0.425000 0.390476 0.050000 0.047619
1 0.525000 0.390476 0.050000 0.047619
1 0.625000 0.390476 0.050000 0.047619
1 0.725000 0.390476 0.050000 0.047619
1 0.325000 0.476190 0.050000 0.047619
1 0.425000 0.476190 0.050000 0.047619
1 0.525000 0.476190 0.050000 0.047619
1 0.625000 0.476190 0.050000 0.047619
1 0.725000 0.476190 0.050000 0.047619
1 0.325000 0.561905 0.050000 0.047619
1 0.425000 0.561905 0.050000 0.047619
1 0.525000 0.561905 0.050000 0.047619
1 0.625000 0.561905 0.050000 0.047619
1 0.725000 0.561905 0.050000 0.047619
1 0.325000 0.647619 0.050000 0.047619
1 0.425000 0.647619 0.050000 0.047619
1 0.525000 0.647619 0.050000 0.047619
1 0.625000 0.647619 0.050000 0.047619
1 0.725000 0.647619 0.050000 0.047619
2 0.246875 0.066667 0.006250 0.047619
2 0.334375 0.823810 0.006250 0.047619
3 0.315625 0.071429 0.043750 0.038095