0 0.231250 0.904762 0.043750 0.047619
1 0.337500 0.266667 0.050000 0.047619
1 0.437500 0.266667 0.050000 0.047619
1 0.537500 0.266667 0.050000 0.047619
1 0.337500 0.352381 0.050000 0.047619
1 0.437500 0.352381 0.050000 0.047619
1 0.537500 0.352381 0.050000 0.047619
1 0.337500 0.438095 0.050000 0.047619
1 0.437500 0.438095 0.050000 0.047619
1 0.537500 0.438095 0.050000 0.047619
1 0.337500 0.523810 0.050000 0.047619
1 0.437500 0.523810 0.050000 0.047619
1 0.537500 0.523810 0.050000 0.047619
1 0.337500 0.609524 0.050000 0.047619
1 0.437500 0.609524 0.050000 0.047619
1 0.537500 0.609524 0.050000 0.047619
1 0.437500 0.695238 0.050000 0.047619
1 0.537500 0.695238 0.050000 0.047619
2 0.240625 0.823810 0.006250 0.047619
2 0.196875 0.800000 0.006250 0.047619
2 0.321875 0.857143 0.006250 0.047619