0 0.300000 0.904762 0.043750 0.047619
1 0.312500 0.219048 0.050000 0.047619
1 0.412500 0.219048 0.050000 0.047619
1 0.512500 0.219048 0.050000 0.047619
1 0.612500 0.219048 0.050000 0.047619
1 0.712500 0.219048 0.050000 0.047619
1 0.812500 0.219048 0.050000 0.047619
1 0.512500 0.304762 0.050000 0.047619
1 0.612500 0.304762 0.050000 0.047619
1 0.712500 0.304762 0.050000 0.047619
1 0.812500 0.304762 0.050000 0.047619
1 0.412500 0.390476 0.050000 0.047619
1 0.512500 0.390476 0.050000 0.047619
1 0.612500 0.390476 0.050000 0.047619
1 0.712500 0.390476 0.050000 0.047619
1 0.812500 0.390476 0.050000 0.047619
1 0.512500 0.476190 0.050000 0.047619
1 0.612500 0.476190 0.050000 0.047619
1 0.712500 0.476190 0.050000 0.047619
1 0.812500 0.476190 0.050000 0.047619
1 0.512500 0.561905 0.050000 0.047619
1 0.612500 0.561905 0.050000 0.047619
1 0.712500 0.561905 0.050000 0.047619
1 0.812500 0.561905 0.050000 0.047619
1 0.512500 0.647619 0.050000 0.047619
1 0.612500 0.647619 0.050000 0.047619
1 0.712500 0.647619 0.050000 0.047619
1 0.812500 0.647619 0.050000 0.047619
2 0.315625 0.485714 0.006250 0.047619
2 0.428125 0.747619 0.006250 0.047619
2 0.715625 0.766667 0.006250 0.047619
3 0.990625 0.071429 0.043750 0.038095