0 0.306250 0.904762 0.043750 0.047619
1 0.300000 0.219048 0.050000 0.047619
1 0.500000 0.219048 0.050000 0.047619
1 0.600000 0.219048 0.050000 0.047619
1 0.700000 0.219048 0.050000 0.047619
1 0.800000 0.219048 0.050000 0.047619
1 0.300000 0.304762 0.050000 0.047619
1 0.400000 0.304762 0.050000 0.047619
1 0.500000 0.304762 0.050000 0.047619
1 0.600000 0.304762 0.050000 0.047619
1 0.700000 0.304762 0.050000 0.047619
1 0.800000 0.304762 0.050000 0.047619
1 0.300000 0.390476 0.050000 0.047619
1 0.400000 0.390476 0.050000 0.047619
1 0.500000 0.390476 0.050000 0.047619
1 0.600000 0.390476 0.050000 0.047619
1 0.700000 0.390476 0.050000 0.047619
1 0.800000 0.390476 0.050000 0.047619
1 0.300000 0.476190 0.050000 0.047619
1 0.500000 0.476190 0.050000 0.047619
1 0.600000 0.476190 0.050000 0.047619
1 0.700000 0.476190 0.050000 0.047619
1 0.800000 0.476190 0.050000 0.047619
1 0.300000 0.561905 0.050000 0.047619
1 0.500000 0.561905 0.050000 0.047619
1 0.600000 0.561905 0.050000 0.047619
1 0.700000 0.561905 0.050000 0.047619
1 0.800000 0.561905 0.050000 0.047619
1 0.500000 0.647619 0.050000 0.047619
1 0.600000 0.647619 0.050000 0.047619
1 0.700000 0.647619 0.050000 0.047619
1 0.800000 0.647619 0.050000 0.047619
2 0.340625 0.485714 0.006250 0.047619
2 0.415625 0.771429 0.006250 0.047619
2 0.428125 1.009524 0.006250 0.047619
2 0.709375 0.742857 0.006250 0.047619
3 0.903125 0.071429 0.043750 0.038095