0 0.312500 0.904762 0.043750 0.047619
1 0.250000 0.219048 0.050000 0.047619
1 0.350000 0.219048 0.050000 0.047619
1 0.450000 0.219048 0.050000 0.047619
1 0.550000 0.219048 0.050000 0.047619
1 0.650000 0.219048 0.050000 0.047619
1 0.750000 0.219048 0.050000 0.047619
1 0.250000 0.304762 0.050000 0.047619
1 0.350000 0.304762 0.050000 0.047619
1 0.450000 0.304762 0.050000 0.047619
1 0.550000 0.304762 0.050000 0.047619
1 0.650000 0.304762 0.050000 0.047619
1 0.750000 0.304762 0.050000 0.047619
1 0.250000 0.390476 0.050000 0.047619
1 0.350000 0.390476 0.050000 0.047619
1 0.450000 0.390476 0.050000 0.047619
1 0.550000 0.390476 0.050000 0.047619
1 0.650000 0.390476 0.050000 0.047619
1 0.750000 0.390476 0.050000 0.047619
1 0.350000 0.476190 0.050000 0.047619
1 0.450000 0.476190 0.050000 0.047619
1 0.550000 0.476190 0.050000 0.047619
1 0.650000 0.476190 0.050000 0.047619
1 0.750000 0.476190 0.050000 0.047619
1 0.350000 0.561905 0.050000 0.047619
1 0.450000 0.561905 0.050000 0.047619
1 0.550000 0.561905 0.050000 0.047619
1 0.650000 0.561905 0.050000 0.047619
1 0.750000 0.561905 0.050000 0.047619
1 0.350000 0.647619 0.050000 0.047619
1 0.450000 0.647619 0.050000 0.047619
1 0.550000 0.647619 0.050000 0.047619
1 0.650000 0.647619 0.050000 0.047619
1 0.750000 0.647619 0.050000 0.047619
2 0.315625 0.814286 0.006250 0.047619
2 0.259375 0.566667 0.006250 0.047619
3 0.540625 0.071429 0.043750 0.038095