0 0.431250 0.904762 0.043750 0.047619
1 0.618750 0.266667 0.050000 0.047619
1 0.718750 0.266667 0.050000 0.047619
1 0.818750 0.266667 0.050000 0.047619
1 0.618750 0.352381 0.050000 0.047619
1 0.718750 0.352381 0.050000 0.047619
1 0.818750 0.352381 0.050000 0.047619
1 0.618750 0.438095 0.050000 0.047619
1 0.718750 0.438095 0.050000 0.047619
1 0.818750 0.438095 0.050000 0.047619
1 0.618750 0.523810 0.050000 0.047619
1 0.718750 0.523810 0.050000 0.047619
1 0.818750 0.523810 0.050000 0.047619
1 0.618750 0.609524 0.050000 0.047619
1 0.718750 0.609524 0.050000 0.047619
1 0.818750 0.609524 0.050000 0.047619
1 0.718750 0.695238 0.050000 0.047619
1 0.818750 0.695238 0.050000 0.047619
2 0.446875 0.852381 0.006250 0.047619
2 0.803125 0.942857 0.006250 0.047619
3 0.659375 0.071429 0.043750 0.038095