0 0.337500 0.904762 0.043750 0.047619
1 0.312500 0.314286 0.050000 0.047619
1 0.412500 0.314286 0.050000 0.047619
1 0.512500 0.314286 0.050000 0.047619
1 0.612500 0.314286 0.050000 0.047619
1 0.712500 0.314286 0.050000 0.047619
1 0.412500 0.400000 0.050000 0.047619
1 0.512500 0.400000 0.050000 0.047619
1 0.612500 0.400000 0.050000 0.047619
1 0.712500 0.400000 0.050000 0.047619
1 0.312500 0.485714 0.050000 0.047619
1 0.412500 0.485714 0.050000 0.047619
1 0.512500 0.485714 0.050000 0.047619
1 0.612500 0.485714 0.050000 0.047619
1 0.712500 0.485714 0.050000 0.047619
1 0.312500 0.571429 0.050000 0.047619
1 0.412500 0.571429 0.050000 0.047619
1 0.512500 0.571429 0.050000 0.047619
1 0.612500 0.571429 0.050000 0.047619
1 0.712500 0.571429 0.050000 0.047619
1 0.312500 0.657143 0.050000 0.047619
1 0.412500 0.657143 0.050000 0.047619
1 0.512500 0.657143 0.050000 0.047619
1 0.612500 0.657143 0.050000 0.047619
1 0.712500 0.657143 0.050000 0.047619
1 0.412500 0.742857 0.050000 0.047619
1 0.512500 0.742857 0.050000 0.047619
1 0.612500 0.742857 0.050000 0.047619
1 0.712500 0.742857 0.050000 0.047619
2 0.371875 0.352381 0.006250 0.047619
3 0.584375 0.071429 0.043750 0.038095