0 0.256250 0.904762 0.043750 0.047619
1 0.250000 0.266667 0.050000 0.047619
1 0.350000 0.266667 0.050000 0.047619
1 0.450000 0.266667 0.050000 0.047619
1 0.550000 0.266667 0.050000 0.047619
1 0.650000 0.266667 0.050000 0.047619
1 0.750000 0.266667 0.050000 0.047619
1 0.350000 0.352381 0.050000 0.047619
1 0.450000 0.352381 0.050000 0.047619
1 0.550000 0.352381 0.050000 0.047619
1 0.650000 0.352381 0.050000 0.047619
1 0.750000 0.352381 0.050000 0.047619
1 0.450000 0.438095 0.050000 0.047619
1 0.550000 0.438095 0.050000 0.047619
1 0.650000 0.438095 0.050000 0.047619
1 0.750000 0.438095 0.050000 0.047619
1 0.350000 0.523810 0.050000 0.047619
1 0.450000 0.523810 0.050000 0.047619
1 0.550000 0.523810 0.050000 0.047619
1 0.650000 0.523810 0.050000 0.047619
1 0.750000 0.523810 0.050000 0.047619
1 0.350000 0.609524 0.050000 0.047619
1 0.450000 0.609524 0.050000 0.047619
1 0.550000 0.609524 0.050000 0.047619
1 0.650000 0.609524 0.050000 0.047619
1 0.750000 0.609524 0.050000 0.047619
1 0.450000 0.695238 0.050000 0.047619
1 0.550000 0.695238 0.050000 0.047619
1 0.650000 0.695238 0.050000 0.047619
1 0.750000 0.695238 0.050000 0.047619
2 0.246875 0.585714 0.006250 0.047619
2 0.546875 0.847619 0.006250 0.047619
3 0.603125 0.071429 0.043750 0.038095