0 0.418750 0.904762 0.043750 0.047619
1 0.600000 0.314286 0.050000 0.047619
1 0.700000 0.314286 0.050000 0.047619
1 0.800000 0.314286 0.050000 0.047619
1 0.600000 0.400000 0.050000 0.047619
1 0.700000 0.400000 0.050000 0.047619
1 0.800000 0.400000 0.050000 0.047619
1 0.600000 0.485714 0.050000 0.047619
1 0.700000 0.485714 0.050000 0.047619
1 0.800000 0.485714 0.050000 0.047619
1 0.600000 0.571429 0.050000 0.047619
1 0.700000 0.571429 0.050000 0.047619
1 0.800000 0.571429 0.050000 0.047619
1 0.600000 0.657143 0.050000 0.047619
1 0.700000 0.657143 0.050000 0.047619
1 0.800000 0.657143 0.050000 0.047619
1 0.700000 0.742857 0.050000 0.047619
1 0.800000 0.742857 0.050000 0.047619
2 0.446875 0.471429 0.006250 0.047619
2 0.703125 0.800000 0.006250 0.047619
3 0.784375 0.071429 0.043750 0.038095