0 0.293750 0.904762 0.043750 0.047619
1 0.406250 0.219048 0.050000 0.047619
1 0.506250 0.219048 0.050000 0.047619
1 0.606250 0.219048 0.050000 0.047619
1 0.706250 0.219048 0.050000 0.047619
1 0.806250 0.219048 0.050000 0.047619
1 0.406250 0.304762 0.050000 0.047619
1 0.506250 0.304762 0.050000 0.047619
1 0.606250 0.304762 0.050000 0.047619
1 0.706250 0.304762 0.050000 0.047619
1 0.806250 0.304762 0.050000 0.047619
1 0.406250 0.390476 0.050000 0.047619
1 0.506250 0.390476 0.050000 0.047619
1 0.606250 0.390476 0.050000 0.047619
1 0.706250 0.390476 0.050000 0.047619
1 0.806250 0.390476 0.050000 0.047619
1 0.406250 0.476190 0.050000 0.047619
1 0.506250 0.476190 0.050000 0.047619
1 0.606250 0.476190 0.050000 0.047619
1 0.706250 0.476190 0.050000 0.047619
1 0.806250 0.476190 0.050000 0.047619
1 0.406250 0.561905 0.050000 0.047619
1 0.506250 0.561905 0.050000 0.047619
1 0.606250 0.561905 0.050000 0.047619
1 0.706250 0.561905 0.050000 0.047619
1 0.806250 0.561905 0.050000 0.047619
1 0.406250 0.647619 0.050000 0.047619
1 0.506250 0.647619 0.050000 0.047619
1 0.606250 0.647619 0.050000 0.047619
1 0.706250 0.647619 0.050000 0.047619
1 0.806250 0.647619 0.050000 0.047619
2 0.253125 0.023810 0.006250 0.047619
2 0.515625 0.919048 0.006250 0.047619
3 0.940625 0.071429 0.043750 0.038095