0 0.237500 0.904762 0.043750 0.047619
1 0.193750 0.171429 0.050000 0.047619
1 0.293750 0.171429 0.050000 0.047619
1 0.393750 0.171429 0.050000 0.047619
1 0.493750 0.171429 0.050000 0.047619
1 0.593750 0.171429 0.050000 0.047619
1 0.693750 0.171429 0.050000 0.047619
1 0.193750 0.257143 0.050000 0.047619
1 0.293750 0.257143 0.050000 0.047619
1 0.393750 0.257143 0.050000 0.047619
1 0.493750 0.257143 0.050000 0.047619
1 0.593750 0.257143 0.050000 0.047619
1 0.693750 0.257143 0.050000 0.047619
1 0.193750 0.342857 0.050000 0.047619
1 0.293750 0.342857 0.050000 0.047619
1 0.393750 0.342857 0.050000 0.047619
1 0.493750 0.342857 0.050000 0.047619
1 0.593750 0.342857 0.050000 0.047619
1 0.693750 0.342857 0.050000 0.047619
1 0.193750 0.428571 0.050000 0.047619
1 0.293750 0.428571 0.050000 0.047619
1 0.393750 0.428571 0.050000 0.047619
1 0.493750 0.428571 0.050000 0.047619
1 0.593750 0.428571 0.050000 0.047619
1 0.693750 0.428571 0.050000 0.047619
1 0.393750 0.514286 0.050000 0.047619
1 0.493750 0.514286 0.050000 0.047619
1 0.593750 0.514286 0.050000 0.047619
1 0.693750 0.514286 0.050000 0.047619
1 0.293750 0.600000 0.050000 0.047619
1 0.393750 0.600000 0.050000 0.047619
1 0.493750 0.600000 0.050000 0.047619
1 0.593750 0.600000 0.050000 0.047619
1 0.693750 0.600000 0.050000 0.047619
2 0.240625 0.023810 0.006250 0.047619
2 0.196875 0.500000 0.006250 0.047619
2 0.384375 0.957143 0.006250 0.047619