0 0.268750 0.904762 0.043750 0.047619
1 0.231250 0.266667 0.050000 0.047619
1 0.331250 0.266667 0.050000 0.047619
1 0.431250 0.266667 0.050000 0.047619
1 0.531250 0.266667 0.050000 0.047619
1 0.631250 0.266667 0.050000 0.047619
1 0.731250 0.266667 0.050000 0.047619
1 0.231250 0.352381 0.050000 0.047619
1 0.331250 0.352381 0.050000 0.047619
1 0.431250 0.352381 0.050000 0.047619
1 0.531250 0.352381 0.050000 0.047619
1 0.631250 0.352381 0.050000 0.047619
1 0.731250 0.352381 0.050000 0.047619
1 0.431250 0.438095 0.050000 0.047619
1 0.531250 0.438095 0.050000 0.047619
1 0.631250 0.438095 0.050000 0.047619
1 0.731250 0.438095 0.050000 0.047619
1 0.331250 0.523810 0.050000 0.047619
1 0.431250 0.523810 0.050000 0.047619
1 0.531250 0.523810 0.050000 0.047619
1 0.631250 0.523810 0.050000 0.047619
1 0.731250 0.523810 0.050000 0.047619
1 0.331250 0.609524 0.050000 0.047619
1 0.431250 0.609524 0.050000 0.047619
1 0.531250 0.609524 0.050000 0.047619
1 0.631250 0.609524 0.050000 0.047619
1 0.731250 0.609524 0.050000 0.047619
1 0.431250 0.695238 0.050000 0.047619
1 0.531250 0.695238 0.050000 0.047619
1 0.631250 0.695238 0.050000 0.047619
1 0.731250 0.695238 0.050000 0.047619
2 0.253125 0.500000 0.006250 0.047619
2 0.734375 0.752381 0.006250 0.047619
3 0.728125 0.071429 0.043750 0.038095