0 0.231250 0.904762 0.043750 0.047619
1 0.600000 0.171429 0.050000 0.047619
1 0.700000 0.171429 0.050000 0.047619
1 0.800000 0.171429 0.050000 0.047619
1 0.600000 0.257143 0.050000 0.047619
1 0.700000 0.257143 0.050000 0.047619
1 0.800000 0.257143 0.050000 0.047619
1 0.600000 0.342857 0.050000 0.047619
1 0.700000 0.342857 0.050000 0.047619
1 0.800000 0.342857 0.050000 0.047619
1 0.700000 0.428571 0.050000 0.047619
1 0.800000 0.428571 0.050000 0.047619
1 0.700000 0.514286 0.050000 0.047619
1 0.800000 0.514286 0.050000 0.047619
1 0.700000 0.600000 0.050000 0.047619
1 0.800000 0.600000 0.050000 0.047619
2 0.240625 0.042857 0.006250 0.047619
2 0.803125 0.657143 0.006250 0.047619
2 0.553125 0.971429 0.006250 0.047619
2 0.578125 0.685714 0.006250 0.047619