0 0.250000 0.904762 0.043750 0.047619
1 0.312500 0.314286 0.050000 0.047619
1 0.412500 0.314286 0.050000 0.047619
1 0.512500 0.314286 0.050000 0.047619
1 0.612500 0.314286 0.050000 0.047619
1 0.712500 0.314286 0.050000 0.047619
1 0.312500 0.400000 0.050000 0.047619
1 0.412500 0.400000 0.050000 0.047619
1 0.512500 0.400000 0.050000 0.047619
1 0.612500 0.400000 0.050000 0.047619
1 0.712500 0.400000 0.050000 0.047619
1 0.412500 0.485714 0.050000 0.047619
1 0.512500 0.485714 0.050000 0.047619
1 0.612500 0.485714 0.050000 0.047619
1 0.712500 0.485714 0.050000 0.047619
1 0.412500 0.571429 0.050000 0.047619
1 0.512500 0.571429 0.050000 0.047619
1 0.612500 0.571429 0.050000 0.047619
1 0.712500 0.571429 0.050000 0.047619
1 0.412500 0.657143 0.050000 0.047619
1 0.512500 0.657143 0.050000 0.047619
1 0.612500 0.657143 0.050000 0.047619
1 0.712500 0.657143 0.050000 0.047619
1 0.412500 0.742857 0.050000 0.047619
1 0.512500 0.742857 0.050000 0.047619
1 0.612500 0.742857 0.050000 0.047619
1 0.712500 0.742857 0.050000 0.047619
2 0.253125 0.614286 0.006250 0.047619
2 0.334375 1.009524 0.006250 0.047619
2 0.621875 0.895238 0.006250 0.047619
3 0.603125 0.071429 0.043750 0.038095