0 0.268750 0.904762 0.043750 0.047619
1 0.400000 0.266667 0.050000 0.047619
1 0.500000 0.266667 0.050000 0.047619
1 0.600000 0.266667 0.050000 0.047619
1 0.400000 0.352381 0.050000 0.047619
1 0.500000 0.352381 0.050000 0.047619
1 0.600000 0.352381 0.050000 0.047619
1 0.400000 0.438095 0.050000 0.047619
1 0.500000 0.438095 0.050000 0.047619
1 0.600000 0.438095 0.050000 0.047619
1 0.400000 0.523810 0.050000 0.047619
1 0.500000 0.523810 0.050000 0.047619
1 0.600000 0.523810 0.050000 0.047619
1 0.400000 0.609524 0.050000 0.047619
1 0.500000 0.609524 0.050000 0.047619
1 0.600000 0.609524 0.050000 0.047619
1 0.500000 0.695238 0.050000 0.047619
1 0.600000 0.695238 0.050000 0.047619
2 0.240625 0.061905 0.006250 0.047619
2 0.590625 0.847619 0.006250 0.047619