0 0.262500 0.904762 0.043750 0.047619
1 0.218750 0.219048 0.050000 0.047619
1 0.318750 0.219048 0.050000 0.047619
1 0.418750 0.219048 0.050000 0.047619
1 0.518750 0.219048 0.050000 0.047619
1 0.618750 0.219048 0.050000 0.047619
1 0.718750 0.219048 0.050000 0.047619
1 0.218750 0.304762 0.050000 0.047619
1 0.318750 0.304762 0.050000 0.047619
1 0.418750 0.304762 0.050000 0.047619
1 0.518750 0.304762 0.050000 0.047619
1 0.618750 0.304762 0.050000 0.047619
1 0.718750 0.304762 0.050000 0.047619
1 0.318750 0.390476 0.050000 0.047619
1 0.418750 0.390476 0.050000 0.047619
1 0.518750 0.390476 0.050000 0.047619
1 0.618750 0.390476 0.050000 0.047619
1 0.718750 0.390476 0.050000 0.047619
1 0.318750 0.476190 0.050000 0.047619
1 0.418750 0.476190 0.050000 0.047619
1 0.518750 0.476190 0.050000 0.047619
1 0.618750 0.476190 0.050000 0.047619
1 0.718750 0.476190 0.050000 0.047619
1 0.318750 0.561905 0.050000 0.047619
1 0.418750 0.561905 0.050000 0.047619
1 0.518750 0.561905 0.050000 0.047619
1 0.618750 0.561905 0.050000 0.047619
1 0.718750 0.561905 0.050000 0.047619
1 0.318750 0.647619 0.050000 0.047619
1 0.418750 0.647619 0.050000 0.047619
1 0.518750 0.647619 0.050000 0.047619
1 0.618750 0.647619 0.050000 0.047619
1 0.718750 0.647619 0.050000 0.047619
2 0.240625 0.461905 0.006250 0.047619
2 0.521875 0.800000 0.006250 0.047619
3 0.815625 0.071429 0.043750 0.038095