0 0.256250 0.904762 0.043750 0.047619
1 0.281250 0.314286 0.050000 0.047619
1 0.381250 0.314286 0.050000 0.047619
1 0.481250 0.314286 0.050000 0.047619
1 0.581250 0.314286 0.050000 0.047619
1 0.681250 0.314286 0.050000 0.047619
1 0.281250 0.400000 0.050000 0.047619
1 0.381250 0.400000 0.050000 0.047619
1 0.481250 0.400000 0.050000 0.047619
1 0.581250 0.400000 0.050000 0.047619
1 0.681250 0.400000 0.050000 0.047619
1 0.381250 0.485714 0.050000 0.047619
1 0.481250 0.485714 0.050000 0.047619
1 0.581250 0.485714 0.050000 0.047619
1 0.681250 0.485714 0.050000 0.047619
1 0.381250 0.571429 0.050000 0.047619
1 0.481250 0.571429 0.050000 0.047619
1 0.581250 0.571429 0.050000 0.047619
1 0.681250 0.571429 0.050000 0.047619
1 0.381250 0.657143 0.050000 0.047619
1 0.481250 0.657143 0.050000 0.047619
1 0.581250 0.657143 0.050000 0.047619
1 0.681250 0.657143 0.050000 0.047619
1 0.381250 0.742857 0.050000 0.047619
1 0.481250 0.742857 0.050000 0.047619
1 0.581250 0.742857 0.050000 0.047619
1 0.681250 0.742857 0.050000 0.047619
2 0.284375 0.695238 0.006250 0.047619
2 0.484375 0.800000 0.006250 0.047619
3 0.353125 0.071429 0.043750 0.038095