0 0.293750 0.904762 0.043750 0.047619
1 0.250000 0.314286 0.050000 0.047619
1 0.350000 0.314286 0.050000 0.047619
1 0.450000 0.314286 0.050000 0.047619
1 0.550000 0.314286 0.050000 0.047619
1 0.650000 0.314286 0.050000 0.047619
1 0.350000 0.400000 0.050000 0.047619
1 0.450000 0.400000 0.050000 0.047619
1 0.550000 0.400000 0.050000 0.047619
1 0.650000 0.400000 0.050000 0.047619
1 0.350000 0.485714 0.050000 0.047619
1 0.450000 0.485714 0.050000 0.047619
1 0.550000 0.485714 0.050000 0.047619
1 0.650000 0.485714 0.050000 0.047619
1 0.350000 0.571429 0.050000 0.047619
1 0.450000 0.571429 0.050000 0.047619
1 0.550000 0.571429 0.050000 0.047619
1 0.650000 0.571429 0.050000 0.047619
1 0.350000 0.657143 0.050000 0.047619
1 0.450000 0.657143 0.050000 0.047619
1 0.550000 0.657143 0.050000 0.047619
1 0.650000 0.657143 0.050000 0.047619
1 0.350000 0.742857 0.050000 0.047619
1 0.450000 0.742857 0.050000 0.047619
1 0.550000 0.742857 0.050000 0.047619
1 0.650000 0.742857 0.050000 0.047619
2 0.240625 0.423810 0.006250 0.047619
2 0.265625 0.561905 0.006250 0.047619
3 0.103125 0.071429 0.043750 0.038095