0 0.256250 0.904762 0.043750 0.047619
1 0.225000 0.219048 0.050000 0.047619
1 0.425000 0.219048 0.050000 0.047619
1 0.525000 0.219048 0.050000 0.047619
1 0.625000 0.219048 0.050000 0.047619
1 0.725000 0.219048 0.050000 0.047619
1 0.225000 0.304762 0.050000 0.047619
1 0.325000 0.304762 0.050000 0.047619
1 0.425000 0.304762 0.050000 0.047619
1 0.525000 0.304762 0.050000 0.047619
1 0.625000 0.304762 0.050000 0.047619
1 0.725000 0.304762 0.050000 0.047619
1 0.325000 0.390476 0.050000 0.047619
1 0.425000 0.390476 0.050000 0.047619
1 0.525000 0.390476 0.050000 0.047619
1 0.625000 0.390476 0.050000 0.047619
1 0.725000 0.390476 0.050000 0.047619
1 0.325000 0.476190 0.050000 0.047619
1 0.425000 0.476190 0.050000 0.047619
1 0.525000 0.476190 0.050000 0.047619
1 0.625000 0.476190 0.050000 0.047619
1 0.725000 0.476190 0.050000 0.047619
1 0.325000 0.561905 0.050000 0.047619
1 0.425000 0.561905 0.050000 0.047619
1 0.525000 0.561905 0.050000 0.047619
1 0.625000 0.561905 0.050000 0.047619
1 0.725000 0.561905 0.050000 0.047619
1 0.325000 0.647619 0.050000 0.047619
1 0.425000 0.647619 0.050000 0.047619
1 0.525000 0.647619 0.050000 0.047619
1 0.625000 0.647619 0.050000 0.047619
1 0.725000 0.647619 0.050000 0.047619
2 0.271875 0.847619 0.006250 0.047619
2 0.434375 0.919048 0.006250 0.047619
3 0.284375 0.071429 0.043750 0.038095