0 0.262500 0.904762 0.043750 0.047619
1 0.237500 0.219048 0.050000 0.047619
1 0.337500 0.219048 0.050000 0.047619
1 0.437500 0.219048 0.050000 0.047619
1 0.537500 0.219048 0.050000 0.047619
1 0.637500 0.219048 0.050000 0.047619
1 0.737500 0.219048 0.050000 0.047619
1 0.237500 0.304762 0.050000 0.047619
1 0.337500 0.304762 0.050000 0.047619
1 0.437500 0.304762 0.050000 0.047619
1 0.537500 0.304762 0.050000 0.047619
1 0.637500 0.304762 0.050000 0.047619
1 0.737500 0.304762 0.050000 0.047619
1 0.237500 0.390476 0.050000 0.047619
1 0.337500 0.390476 0.050000 0.047619
1 0.437500 0.390476 0.050000 0.047619
1 0.537500 0.390476 0.050000 0.047619
1 0.637500 0.390476 0.050000 0.047619
1 0.737500 0.390476 0.050000 0.047619
1 0.337500 0.476190 0.050000 0.047619
1 0.437500 0.476190 0.050000 0.047619
1 0.537500 0.476190 0.050000 0.047619
1 0.637500 0.476190 0.050000 0.047619
1 0.737500 0.476190 0.050000 0.047619
1 0.437500 0.561905 0.050000 0.047619
1 0.537500 0.561905 0.050000 0.047619
1 0.637500 0.561905 0.050000 0.047619
1 0.737500 0.561905 0.050000 0.047619
1 0.337500 0.647619 0.050000 0.047619
1 0.437500 0.647619 0.050000 0.047619
1 0.537500 0.647619 0.050000 0.047619
1 0.637500 0.647619 0.050000 0.047619
1 0.737500 0.647619 0.050000 0.047619
2 0.646875 0.919048 0.006250 0.047619
3 0.665625 0.071429 0.043750 0.038095