0 0.350000 0.904762 0.043750 0.047619
1 0.243750 0.266667 0.050000 0.047619
1 0.443750 0.266667 0.050000 0.047619
1 0.543750 0.266667 0.050000 0.047619
1 0.643750 0.266667 0.050000 0.047619
1 0.743750 0.266667 0.050000 0.047619
1 0.243750 0.352381 0.050000 0.047619
1 0.343750 0.352381 0.050000 0.047619
1 0.443750 0.352381 0.050000 0.047619
1 0.543750 0.352381 0.050000 0.047619
1 0.643750 0.352381 0.050000 0.047619
1 0.743750 0.352381 0.050000 0.047619
1 0.243750 0.438095 0.050000 0.047619
1 0.343750 0.438095 0.050000 0.047619
1 0.443750 0.438095 0.050000 0.047619
1 0.543750 0.438095 0.050000 0.047619
1 0.643750 0.438095 0.050000 0.047619
1 0.743750 0.438095 0.050000 0.047619
1 0.443750 0.523810 0.050000 0.047619
1 0.543750 0.523810 0.050000 0.047619
1 0.643750 0.523810 0.050000 0.047619
1 0.743750 0.523810 0.050000 0.047619
1 0.443750 0.609524 0.050000 0.047619
1 0.543750 0.609524 0.050000 0.047619
1 0.643750 0.609524 0.050000 0.047619
1 0.743750 0.609524 0.050000 0.047619
1 0.443750 0.695238 0.050000 0.047619
1 0.543750 0.695238 0.050000 0.047619
1 0.643750 0.695238 0.050000 0.047619
1 0.743750 0.695238 0.050000 0.047619
2 0.359375 0.857143 0.006250 0.047619
2 0.334375 0.723810 0.006250 0.047619
3 0.653125 0.071429 0.043750 0.038095