0 0.300000 0.904762 0.043750 0.047619
1 0.343750 0.314286 0.050000 0.047619
1 0.443750 0.314286 0.050000 0.047619
1 0.543750 0.314286 0.050000 0.047619
1 0.643750 0.314286 0.050000 0.047619
1 0.743750 0.314286 0.050000 0.047619
1 0.343750 0.400000 0.050000 0.047619
1 0.443750 0.400000 0.050000 0.047619
1 0.543750 0.400000 0.050000 0.047619
1 0.643750 0.400000 0.050000 0.047619
1 0.743750 0.400000 0.050000 0.047619
1 0.443750 0.485714 0.050000 0.047619
1 0.543750 0.485714 0.050000 0.047619
1 0.643750 0.485714 0.050000 0.047619
1 0.743750 0.485714 0.050000 0.047619
1 0.343750 0.571429 0.050000 0.047619
1 0.443750 0.571429 0.050000 0.047619
1 0.543750 0.571429 0.050000 0.047619
1 0.643750 0.571429 0.050000 0.047619
1 0.743750 0.571429 0.050000 0.047619
1 0.343750 0.657143 0.050000 0.047619
1 0.443750 0.657143 0.050000 0.047619
1 0.543750 0.657143 0.050000 0.047619
1 0.643750 0.657143 0.050000 0.047619
1 0.743750 0.657143 0.050000 0.047619
1 0.443750 0.742857 0.050000 0.047619
1 0.543750 0.742857 0.050000 0.047619
1 0.643750 0.742857 0.050000 0.047619
1 0.743750 0.742857 0.050000 0.047619
2 0.265625 0.100000 0.006250 0.047619
2 0.659375 0.990476 0.006250 0.047619
3 0.853125 0.071429 0.043750 0.038095