0 0.400000 0.904762 0.043750 0.047619
1 0.568750 0.314286 0.050000 0.047619
1 0.668750 0.314286 0.050000 0.047619
1 0.768750 0.314286 0.050000 0.047619
1 0.568750 0.400000 0.050000 0.047619
1 0.668750 0.400000 0.050000 0.047619
1 0.768750 0.400000 0.050000 0.047619
1 0.568750 0.485714 0.050000 0.047619
1 0.668750 0.485714 0.050000 0.047619
1 0.768750 0.485714 0.050000 0.047619
1 0.568750 0.571429 0.050000 0.047619
1 0.668750 0.571429 0.050000 0.047619
1 0.768750 0.571429 0.050000 0.047619
1 0.568750 0.657143 0.050000 0.047619
1 0.668750 0.657143 0.050000 0.047619
1 0.768750 0.657143 0.050000 0.047619
1 0.668750 0.742857 0.050000 0.047619
1 0.768750 0.742857 0.050000 0.047619
2 0.446875 0.090476 0.006250 0.047619
2 0.684375 0.895238 0.006250 0.047619
3 0.909375 0.071429 0.043750 0.038095