0 0.331250 0.904762 0.043750 0.047619
1 0.312500 0.171429 0.050000 0.047619
1 0.412500 0.171429 0.050000 0.047619
1 0.512500 0.171429 0.050000 0.047619
1 0.612500 0.171429 0.050000 0.047619
1 0.712500 0.171429 0.050000 0.047619
1 0.812500 0.171429 0.050000 0.047619
1 0.412500 0.257143 0.050000 0.047619
1 0.512500 0.257143 0.050000 0.047619
1 0.612500 0.257143 0.050000 0.047619
1 0.712500 0.257143 0.050000 0.047619
1 0.812500 0.257143 0.050000 0.047619
1 0.412500 0.342857 0.050000 0.047619
1 0.512500 0.342857 0.050000 0.047619
1 0.612500 0.342857 0.050000 0.047619
1 0.712500 0.342857 0.050000 0.047619
1 0.812500 0.342857 0.050000 0.047619
1 0.312500 0.428571 0.050000 0.047619
1 0.412500 0.428571 0.050000 0.047619
1 0.512500 0.428571 0.050000 0.047619
1 0.612500 0.428571 0.050000 0.047619
1 0.712500 0.428571 0.050000 0.047619
1 0.812500 0.428571 0.050000 0.047619
1 0.412500 0.514286 0.050000 0.047619
1 0.512500 0.514286 0.050000 0.047619
1 0.612500 0.514286 0.050000 0.047619
1 0.712500 0.514286 0.050000 0.047619
1 0.812500 0.514286 0.050000 0.047619
1 0.412500 0.600000 0.050000 0.047619
1 0.512500 0.600000 0.050000 0.047619
1 0.612500 0.600000 0.050000 0.047619
1 0.712500 0.600000 0.050000 0.047619
1 0.812500 0.600000 0.050000 0.047619
2 0.371875 0.595238 0.006250 0.047619
2 0.615625 0.700000 0.006250 0.047619
2 0.803125 0.985714 0.006250 0.047619