0 0.268750 0.904762 0.043750 0.047619
1 0.168750 0.171429 0.050000 0.047619
1 0.268750 0.171429 0.050000 0.047619
1 0.368750 0.171429 0.050000 0.047619
1 0.468750 0.171429 0.050000 0.047619
1 0.568750 0.171429 0.050000 0.047619
1 0.668750 0.171429 0.050000 0.047619
1 0.168750 0.257143 0.050000 0.047619
1 0.268750 0.257143 0.050000 0.047619
1 0.368750 0.257143 0.050000 0.047619
1 0.468750 0.257143 0.050000 0.047619
1 0.568750 0.257143 0.050000 0.047619
1 0.668750 0.257143 0.050000 0.047619
1 0.168750 0.342857 0.050000 0.047619
1 0.268750 0.342857 0.050000 0.047619
1 0.368750 0.342857 0.050000 0.047619
1 0.468750 0.342857 0.050000 0.047619
1 0.568750 0.342857 0.050000 0.047619
1 0.668750 0.342857 0.050000 0.047619
1 0.168750 0.428571 0.050000 0.047619
1 0.268750 0.428571 0.050000 0.047619
1 0.368750 0.428571 0.050000 0.047619
1 0.468750 0.428571 0.050000 0.047619
1 0.568750 0.428571 0.050000 0.047619
1 0.668750 0.428571 0.050000 0.047619
1 0.168750 0.514286 0.050000 0.047619
1 0.268750 0.514286 0.050000 0.047619
1 0.368750 0.514286 0.050000 0.047619
1 0.468750 0.514286 0.050000 0.047619
1 0.568750 0.514286 0.050000 0.047619
1 0.668750 0.514286 0.050000 0.047619
1 0.168750 0.600000 0.050000 0.047619
1 0.268750 0.600000 0.050000 0.047619
1 0.368750 0.600000 0.050000 0.047619
1 0.468750 0.600000 0.050000 0.047619
1 0.568750 0.600000 0.050000 0.047619
1 0.668750 0.600000 0.050000 0.047619