0 0.250000 0.904762 0.043750 0.047619
1 0.418750 0.266667 0.050000 0.047619
1 0.518750 0.266667 0.050000 0.047619
1 0.618750 0.266667 0.050000 0.047619
1 0.718750 0.266667 0.050000 0.047619
1 0.818750 0.266667 0.050000 0.047619
1 0.518750 0.352381 0.050000 0.047619
1 0.618750 0.352381 0.050000 0.047619
1 0.718750 0.352381 0.050000 0.047619
1 0.818750 0.352381 0.050000 0.047619
1 0.418750 0.438095 0.050000 0.047619
1 0.518750 0.438095 0.050000 0.047619
1 0.618750 0.438095 0.050000 0.047619
1 0.718750 0.438095 0.050000 0.047619
1 0.818750 0.438095 0.050000 0.047619
1 0.418750 0.523810 0.050000 0.047619
1 0.518750 0.523810 0.050000 0.047619
1 0.618750 0.523810 0.050000 0.047619
1 0.718750 0.523810 0.050000 0.047619
1 0.818750 0.523810 0.050000 0.047619
1 0.418750 0.609524 0.050000 0.047619
1 0.518750 0.609524 0.050000 0.047619
1 0.618750 0.609524 0.050000 0.047619
1 0.718750 0.609524 0.050000 0.047619
1 0.818750 0.609524 0.050000 0.047619
1 0.518750 0.695238 0.050000 0.047619
1 0.618750 0.695238 0.050000 0.047619
1 0.718750 0.695238 0.050000 0.047619
1 0.818750 0.695238 0.050000 0.047619
2 0.240625 0.328571 0.006250 0.047619
2 0.403125 0.995238 0.006250 0.047619
2 0.515625 0.795238 0.006250 0.047619
3 0.059375 0.071429 0.043750 0.038095