0 0.231250 0.904762 0.043750 0.047619
1 0.268750 0.219048 0.050000 0.047619
1 0.368750 0.219048 0.050000 0.047619
1 0.468750 0.219048 0.050000 0.047619
1 0.568750 0.219048 0.050000 0.047619
1 0.668750 0.219048 0.050000 0.047619
1 0.768750 0.219048 0.050000 0.047619
1 0.268750 0.304762 0.050000 0.047619
1 0.368750 0.304762 0.050000 0.047619
1 0.468750 0.304762 0.050000 0.047619
1 0.568750 0.304762 0.050000 0.047619
1 0.668750 0.304762 0.050000 0.047619
1 0.768750 0.304762 0.050000 0.047619
1 0.268750 0.390476 0.050000 0.047619
1 0.368750 0.390476 0.050000 0.047619
1 0.468750 0.390476 0.050000 0.047619
1 0.568750 0.390476 0.050000 0.047619
1 0.668750 0.390476 0.050000 0.047619
1 0.768750 0.390476 0.050000 0.047619
1 0.268750 0.476190 0.050000 0.047619
1 0.368750 0.476190 0.050000 0.047619
1 0.468750 0.476190 0.050000 0.047619
1 0.568750 0.476190 0.050000 0.047619
1 0.668750 0.476190 0.050000 0.047619
1 0.768750 0.476190 0.050000 0.047619
1 0.368750 0.561905 0.050000 0.047619
1 0.468750 0.561905 0.050000 0.047619
1 0.568750 0.561905 0.050000 0.047619
1 0.668750 0.561905 0.050000 0.047619
1 0.768750 0.561905 0.050000 0.047619
1 0.468750 0.647619 0.050000 0.047619
1 0.568750 0.647619 0.050000 0.047619
1 0.668750 0.647619 0.050000 0.047619
1 0.768750 0.647619 0.050000 0.047619
2 0.253125 0.614286 0.006250 0.047619
2 0.371875 0.657143 0.006250 0.047619
3 0.621875 0.071429 0.043750 0.038095