0 0.362500 0.904762 0.043750 0.047619
1 0.337500 0.314286 0.050000 0.047619
1 0.437500 0.314286 0.050000 0.047619
1 0.537500 0.314286 0.050000 0.047619
1 0.637500 0.314286 0.050000 0.047619
1 0.737500 0.314286 0.050000 0.047619
1 0.437500 0.400000 0.050000 0.047619
1 0.537500 0.400000 0.050000 0.047619
1 0.637500 0.400000 0.050000 0.047619
1 0.737500 0.400000 0.050000 0.047619
1 0.337500 0.485714 0.050000 0.047619
1 0.437500 0.485714 0.050000 0.047619
1 0.537500 0.485714 0.050000 0.047619
1 0.637500 0.485714 0.050000 0.047619
1 0.737500 0.485714 0.050000 0.047619
1 0.337500 0.571429 0.050000 0.047619
1 0.437500 0.571429 0.050000 0.047619
1 0.537500 0.571429 0.050000 0.047619
1 0.637500 0.571429 0.050000 0.047619
1 0.737500 0.571429 0.050000 0.047619
1 0.337500 0.657143 0.050000 0.047619
1 0.437500 0.657143 0.050000 0.047619
1 0.537500 0.657143 0.050000 0.047619
1 0.637500 0.657143 0.050000 0.047619
1 0.737500 0.657143 0.050000 0.047619
1 0.437500 0.742857 0.050000 0.047619
1 0.537500 0.742857 0.050000 0.047619
1 0.637500 0.742857 0.050000 0.047619
1 0.737500 0.742857 0.050000 0.047619
2 0.303125 0.161905 0.006250 0.047619
2 0.446875 0.842857 0.006250 0.047619
3 0.809375 0.071429 0.043750 0.038095