0 0.262500 0.904762 0.043750 0.047619
1 0.431250 0.171429 0.050000 0.047619
1 0.531250 0.171429 0.050000 0.047619
1 0.631250 0.171429 0.050000 0.047619
1 0.731250 0.171429 0.050000 0.047619
1 0.231250 0.257143 0.050000 0.047619
1 0.331250 0.257143 0.050000 0.047619
1 0.431250 0.257143 0.050000 0.047619
1 0.531250 0.257143 0.050000 0.047619
1 0.631250 0.257143 0.050000 0.047619
1 0.731250 0.257143 0.050000 0.047619
1 0.331250 0.342857 0.050000 0.047619
1 0.431250 0.342857 0.050000 0.047619
1 0.531250 0.342857 0.050000 0.047619
1 0.631250 0.342857 0.050000 0.047619
1 0.731250 0.342857 0.050000 0.047619
1 0.331250 0.428571 0.050000 0.047619
1 0.431250 0.428571 0.050000 0.047619
1 0.531250 0.428571 0.050000 0.047619
1 0.631250 0.428571 0.050000 0.047619
1 0.731250 0.428571 0.050000 0.047619
1 0.331250 0.514286 0.050000 0.047619
1 0.431250 0.514286 0.050000 0.047619
1 0.531250 0.514286 0.050000 0.047619
1 0.631250 0.514286 0.050000 0.047619
1 0.731250 0.514286 0.050000 0.047619
1 0.431250 0.600000 0.050000 0.047619
1 0.531250 0.600000 0.050000 0.047619
1 0.631250 0.600000 0.050000 0.047619
1 0.731250 0.600000 0.050000 0.047619
2 0.284375 0.842857 0.006250 0.047619
2 0.434375 0.723810 0.006250 0.047619
2 0.421875 1.009524 0.006250 0.047619