0 0.306250 0.904762 0.043750 0.047619
1 0.168750 0.266667 0.050000 0.047619
1 0.268750 0.266667 0.050000 0.047619
1 0.368750 0.266667 0.050000 0.047619
1 0.468750 0.266667 0.050000 0.047619
1 0.568750 0.266667 0.050000 0.047619
1 0.668750 0.266667 0.050000 0.047619
1 0.268750 0.352381 0.050000 0.047619
1 0.368750 0.352381 0.050000 0.047619
1 0.468750 0.352381 0.050000 0.047619
1 0.568750 0.352381 0.050000 0.047619
1 0.668750 0.352381 0.050000 0.047619
1 0.268750 0.438095 0.050000 0.047619
1 0.368750 0.438095 0.050000 0.047619
1 0.468750 0.438095 0.050000 0.047619
1 0.568750 0.438095 0.050000 0.047619
1 0.668750 0.438095 0.050000 0.047619
1 0.268750 0.523810 0.050000 0.047619
1 0.368750 0.523810 0.050000 0.047619
1 0.468750 0.523810 0.050000 0.047619
1 0.568750 0.523810 0.050000 0.047619
1 0.668750 0.523810 0.050000 0.047619
1 0.268750 0.609524 0.050000 0.047619
1 0.368750 0.609524 0.050000 0.047619
1 0.468750 0.609524 0.050000 0.047619
1 0.568750 0.609524 0.050000 0.047619
1 0.668750 0.609524 0.050000 0.047619
1 0.268750 0.695238 0.050000 0.047619
1 0.368750 0.695238 0.050000 0.047619
1 0.468750 0.695238 0.050000 0.047619
1 0.568750 0.695238 0.050000 0.047619
1 0.668750 0.695238 0.050000 0.047619
2 0.309375 0.500000 0.006250 0.047619
2 0.165625 0.476190 0.006250 0.047619