0 0.287500 0.904762 0.043750 0.047619
1 0.281250 0.314286 0.050000 0.047619
1 0.381250 0.314286 0.050000 0.047619
1 0.481250 0.314286 0.050000 0.047619
1 0.581250 0.314286 0.050000 0.047619
1 0.681250 0.314286 0.050000 0.047619
1 0.781250 0.314286 0.050000 0.047619
1 0.281250 0.400000 0.050000 0.047619
1 0.481250 0.400000 0.050000 0.047619
1 0.581250 0.400000 0.050000 0.047619
1 0.681250 0.400000 0.050000 0.047619
1 0.781250 0.400000 0.050000 0.047619
1 0.481250 0.485714 0.050000 0.047619
1 0.581250 0.485714 0.050000 0.047619
1 0.681250 0.485714 0.050000 0.047619
1 0.781250 0.485714 0.050000 0.047619
1 0.481250 0.571429 0.050000 0.047619
1 0.581250 0.571429 0.050000 0.047619
1 0.681250 0.571429 0.050000 0.047619
1 0.781250 0.571429 0.050000 0.047619
1 0.481250 0.657143 0.050000 0.047619
1 0.581250 0.657143 0.050000 0.047619
1 0.681250 0.657143 0.050000 0.047619
1 0.781250 0.657143 0.050000 0.047619
1 0.481250 0.742857 0.050000 0.047619
1 0.581250 0.742857 0.050000 0.047619
1 0.681250 0.742857 0.050000 0.047619
1 0.781250 0.742857 0.050000 0.047619
2 0.303125 0.690476 0.006250 0.047619