0 0.243750 0.904762 0.043750 0.047619
1 0.568750 0.171429 0.050000 0.047619
1 0.668750 0.171429 0.050000 0.047619
1 0.768750 0.171429 0.050000 0.047619
1 0.568750 0.257143 0.050000 0.047619
1 0.668750 0.257143 0.050000 0.047619
1 0.768750 0.257143 0.050000 0.047619
1 0.568750 0.342857 0.050000 0.047619
1 0.668750 0.342857 0.050000 0.047619
1 0.768750 0.342857 0.050000 0.047619
1 0.668750 0.428571 0.050000 0.047619
1 0.768750 0.428571 0.050000 0.047619
1 0.668750 0.514286 0.050000 0.047619
1 0.768750 0.514286 0.050000 0.047619
1 0.668750 0.600000 0.050000 0.047619
1 0.768750 0.600000 0.050000 0.047619
2 0.240625 0.423810 0.006250 0.047619
2 0.534375 0.876190 0.006250 0.047619
2 0.553125 0.590476 0.006250 0.047619