0 0.443750 0.904762 0.043750 0.047619
1 0.306250 0.171429 0.050000 0.047619
1 0.506250 0.171429 0.050000 0.047619
1 0.606250 0.171429 0.050000 0.047619
1 0.706250 0.171429 0.050000 0.047619
1 0.806250 0.171429 0.050000 0.047619
1 0.306250 0.257143 0.050000 0.047619
1 0.506250 0.257143 0.050000 0.047619
1 0.606250 0.257143 0.050000 0.047619
1 0.706250 0.257143 0.050000 0.047619
1 0.806250 0.257143 0.050000 0.047619
1 0.306250 0.342857 0.050000 0.047619
1 0.506250 0.342857 0.050000 0.047619
1 0.606250 0.342857 0.050000 0.047619
1 0.706250 0.342857 0.050000 0.047619
1 0.806250 0.342857 0.050000 0.047619
1 0.506250 0.428571 0.050000 0.047619
1 0.606250 0.428571 0.050000 0.047619
1 0.706250 0.428571 0.050000 0.047619
1 0.806250 0.428571 0.050000 0.047619
1 0.506250 0.514286 0.050000 0.047619
1 0.606250 0.514286 0.050000 0.047619
1 0.706250 0.514286 0.050000 0.047619
1 0.806250 0.514286 0.050000 0.047619
1 0.506250 0.600000 0.050000 0.047619
1 0.606250 0.600000 0.050000 0.047619
1 0.706250 0.600000 0.050000 0.047619
1 0.806250 0.600000 0.050000 0.047619
2 0.396875 0.042857 0.006250 0.047619
2 0.803125 0.742857 0.006250 0.047619