0 0.262500 0.904762 0.043750 0.047619
1 0.525000 0.171429 0.050000 0.047619
1 0.625000 0.171429 0.050000 0.047619
1 0.725000 0.171429 0.050000 0.047619
1 0.825000 0.171429 0.050000 0.047619
1 0.525000 0.257143 0.050000 0.047619
1 0.625000 0.257143 0.050000 0.047619
1 0.725000 0.257143 0.050000 0.047619
1 0.825000 0.257143 0.050000 0.047619
1 0.625000 0.342857 0.050000 0.047619
1 0.725000 0.342857 0.050000 0.047619
1 0.825000 0.342857 0.050000 0.047619
1 0.625000 0.428571 0.050000 0.047619
1 0.725000 0.428571 0.050000 0.047619
1 0.825000 0.428571 0.050000 0.047619
1 0.625000 0.514286 0.050000 0.047619
1 0.725000 0.514286 0.050000 0.047619
1 0.825000 0.514286 0.050000 0.047619
1 0.625000 0.600000 0.050000 0.047619
1 0.725000 0.600000 0.050000 0.047619
1 0.825000 0.600000 0.050000 0.047619
2 0.253125 0.633333 0.006250 0.047619
2 0.503125 0.600000 0.006250 0.047619
2 0.628125 0.657143 0.006250 0.047619