0 0.356250 0.904762 0.043750 0.047619
1 0.325000 0.314286 0.050000 0.047619
1 0.425000 0.314286 0.050000 0.047619
1 0.525000 0.314286 0.050000 0.047619
1 0.625000 0.314286 0.050000 0.047619
1 0.725000 0.314286 0.050000 0.047619
1 0.425000 0.400000 0.050000 0.047619
1 0.525000 0.400000 0.050000 0.047619
1 0.625000 0.400000 0.050000 0.047619
1 0.725000 0.400000 0.050000 0.047619
1 0.325000 0.485714 0.050000 0.047619
1 0.425000 0.485714 0.050000 0.047619
1 0.525000 0.485714 0.050000 0.047619
1 0.625000 0.485714 0.050000 0.047619
1 0.725000 0.485714 0.050000 0.047619
1 0.325000 0.571429 0.050000 0.047619
1 0.425000 0.571429 0.050000 0.047619
1 0.525000 0.571429 0.050000 0.047619
1 0.625000 0.571429 0.050000 0.047619
1 0.725000 0.571429 0.050000 0.047619
1 0.325000 0.657143 0.050000 0.047619
1 0.425000 0.657143 0.050000 0.047619
1 0.525000 0.657143 0.050000 0.047619
1 0.625000 0.657143 0.050000 0.047619
1 0.725000 0.657143 0.050000 0.047619
1 0.425000 0.742857 0.050000 0.047619
1 0.525000 0.742857 0.050000 0.047619
1 0.625000 0.742857 0.050000 0.047619
1 0.725000 0.742857 0.050000 0.047619
2 0.371875 0.652381 0.006250 0.047619
2 0.434375 0.938095 0.006250 0.047619
3 0.684375 0.071429 0.043750 0.038095