0 0.306250 0.904762 0.043750 0.047619
1 0.325000 0.171429 0.050000 0.047619
1 0.425000 0.171429 0.050000 0.047619
1 0.525000 0.171429 0.050000 0.047619
1 0.625000 0.171429 0.050000 0.047619
1 0.725000 0.171429 0.050000 0.047619
1 0.825000 0.171429 0.050000 0.047619
1 0.325000 0.257143 0.050000 0.047619
1 0.425000 0.257143 0.050000 0.047619
1 0.525000 0.257143 0.050000 0.047619
1 0.625000 0.257143 0.050000 0.047619
1 0.725000 0.257143 0.050000 0.047619
1 0.825000 0.257143 0.050000 0.047619
1 0.425000 0.342857 0.050000 0.047619
1 0.525000 0.342857 0.050000 0.047619
1 0.625000 0.342857 0.050000 0.047619
1 0.725000 0.342857 0.050000 0.047619
1 0.825000 0.342857 0.050000 0.047619
1 0.325000 0.428571 0.050000 0.047619
1 0.425000 0.428571 0.050000 0.047619
1 0.525000 0.428571 0.050000 0.047619
1 0.625000 0.428571 0.050000 0.047619
1 0.725000 0.428571 0.050000 0.047619
1 0.825000 0.428571 0.050000 0.047619
1 0.425000 0.514286 0.050000 0.047619
1 0.525000 0.514286 0.050000 0.047619
1 0.625000 0.514286 0.050000 0.047619
1 0.725000 0.514286 0.050000 0.047619
1 0.825000 0.514286 0.050000 0.047619
1 0.425000 0.600000 0.050000 0.047619
1 0.525000 0.600000 0.050000 0.047619
1 0.625000 0.600000 0.050000 0.047619
1 0.725000 0.600000 0.050000 0.047619
1 0.825000 0.600000 0.050000 0.047619
2 0.615625 0.980952 0.006250 0.047619
2 0.428125 0.695238 0.006250 0.047619