0 0.243750 0.904762 0.043750 0.047619
1 0.306250 0.171429 0.050000 0.047619
1 0.406250 0.171429 0.050000 0.047619
1 0.506250 0.171429 0.050000 0.047619
1 0.606250 0.171429 0.050000 0.047619
1 0.706250 0.171429 0.050000 0.047619
1 0.806250 0.171429 0.050000 0.047619
1 0.306250 0.257143 0.050000 0.047619
1 0.406250 0.257143 0.050000 0.047619
1 0.506250 0.257143 0.050000 0.047619
1 0.606250 0.257143 0.050000 0.047619
1 0.706250 0.257143 0.050000 0.047619
1 0.806250 0.257143 0.050000 0.047619
1 0.306250 0.342857 0.050000 0.047619
1 0.406250 0.342857 0.050000 0.047619
1 0.506250 0.342857 0.050000 0.047619
1 0.606250 0.342857 0.050000 0.047619
1 0.706250 0.342857 0.050000 0.047619
1 0.806250 0.342857 0.050000 0.047619
1 0.306250 0.428571 0.050000 0.047619
1 0.406250 0.428571 0.050000 0.047619
1 0.506250 0.428571 0.050000 0.047619
1 0.606250 0.428571 0.050000 0.047619
1 0.706250 0.428571 0.050000 0.047619
1 0.806250 0.428571 0.050000 0.047619
1 0.306250 0.514286 0.050000 0.047619
1 0.406250 0.514286 0.050000 0.047619
1 0.506250 0.514286 0.050000 0.047619
1 0.606250 0.514286 0.050000 0.047619
1 0.706250 0.514286 0.050000 0.047619
1 0.806250 0.514286 0.050000 0.047619
1 0.306250 0.600000 0.050000 0.047619
1 0.406250 0.600000 0.050000 0.047619
1 0.506250 0.600000 0.050000 0.047619
1 0.606250 0.600000 0.050000 0.047619
1 0.706250 0.600000 0.050000 0.047619
1 0.806250 0.600000 0.050000 0.047619