0 0.328125 0.904762 0.043750 0.047619
1 0.250000 0.314286 0.050000 0.047619
1 0.350000 0.314286 0.050000 0.047619
1 0.450000 0.314286 0.050000 0.047619
1 0.550000 0.314286 0.050000 0.047619
1 0.650000 0.314286 0.050000 0.047619
1 0.750000 0.314286 0.050000 0.047619
1 0.250000 0.400000 0.050000 0.047619
1 0.450000 0.400000 0.050000 0.047619
1 0.550000 0.400000 0.050000 0.047619
1 0.650000 0.400000 0.050000 0.047619
1 0.750000 0.400000 0.050000 0.047619
1 0.450000 0.485714 0.050000 0.047619
1 0.550000 0.485714 0.050000 0.047619
1 0.650000 0.485714 0.050000 0.047619
1 0.750000 0.485714 0.050000 0.047619
1 0.450000 0.571429 0.050000 0.047619
1 0.550000 0.571429 0.050000 0.047619
1 0.650000 0.571429 0.050000 0.047619
1 0.750000 0.571429 0.050000 0.047619
1 0.450000 0.657143 0.050000 0.047619
1 0.550000 0.657143 0.050000 0.047619
1 0.650000 0.657143 0.050000 0.047619
1 0.750000 0.657143 0.050000 0.047619
1 0.450000 0.742857 0.050000 0.047619
1 0.550000 0.742857 0.050000 0.047619
1 0.650000 0.742857 0.050000 0.047619
1 0.750000 0.742857 0.050000 0.047619
2 0.259375 0.590476 0.006250 0.047619
3 0.871875 0.071429 0.043750 0.038095