1 0.268750 0.623810 0.050000 0.028571
1 0.156250 0.314286 0.050000 0.028571
4 0.068750 0.076190 0.050000 0.152381
4 0.068750 0.228571 0.050000 0.152381
4 0.068750 0.380952 0.050000 0.152381
4 0.068750 0.533333 0.050000 0.152381
4 0.068750 0.685714 0.050000 0.152381
4 0.096875 0.838095 0.106250 0.152381
4 0.125000 0.957143 0.050000 0.085714
4 0.981250 0.076190 0.050000 0.152381
4 0.981250 0.228571 0.050000 0.152381
4 0.981250 0.380952 0.050000 0.152381
4 0.981250 0.533333 0.050000 0.152381
4 0.981250 0.685714 0.050000 0.152381
4 0.953125 0.838095 0.106250 0.152381
4 0.925000 0.957143 0.050000 0.085714
4 0.318750 0.076190 0.050000 0.152381
4 0.318750 0.228571 0.050000 0.152381
4 0.318750 0.380952 0.050000 0.152381
4 0.318750 0.533333 0.050000 0.152381
4 0.418750 0.685714 0.250000 0.152381
4 0.318750 0.778571 0.050000 0.033333
4 0.731250 0.076190 0.050000 0.152381
4 0.731250 0.228571 0.050000 0.152381
4 0.731250 0.380952 0.050000 0.152381
4 0.731250 0.533333 0.050000 0.152381
4 0.631250 0.676190 0.250000 0.133333