0 0.459375 0.771429 0.043750 0.066667
1 0.668750 0.500000 0.050000 0.028571
1 0.693750 0.342857 0.050000 0.028571
1 0.662500 0.133333 0.100000 0.028571
4 0.912500 0.847619 0.050000 0.038095
4 0.037500 0.538095 0.050000 0.038095
4 0.912500 0.404762 0.050000 0.038095
4 0.912500 0.271429 0.050000 0.038095
4 0.912500 0.152381 0.050000 0.038095
4 0.275000 0.076190 0.050000 0.152381
4 0.275000 0.228571 0.050000 0.152381
4 0.275000 0.380952 0.050000 0.152381
4 0.275000 0.533333 0.050000 0.152381
4 0.321875 0.685714 0.143750 0.152381
4 0.265625 0.838095 0.256250 0.152381
4 0.181250 0.957143 0.162500 0.085714
4 0.775000 0.076190 0.050000 0.152381
4 0.775000 0.228571 0.050000 0.152381
4 0.775000 0.380952 0.050000 0.152381
4 0.775000 0.533333 0.050000 0.152381
4 0.728125 0.685714 0.143750 0.152381
4 0.784375 0.838095 0.256250 0.152381
4 0.868750 0.957143 0.162500 0.085714