0 0.503125 0.771429 0.043750 0.066667
4 0.037500 0.323810 0.050000 0.038095
4 0.068750 0.076190 0.050000 0.152381
4 0.096875 0.228571 0.106250 0.152381
4 0.125000 0.380952 0.050000 0.152381
4 0.125000 0.533333 0.050000 0.152381
4 0.200000 0.685714 0.200000 0.152381
4 0.275000 0.838095 0.050000 0.152381
4 0.275000 0.957143 0.050000 0.085714
4 0.981250 0.076190 0.050000 0.152381
4 0.953125 0.228571 0.106250 0.152381
4 0.925000 0.380952 0.050000 0.152381
4 0.925000 0.533333 0.050000 0.152381
4 0.850000 0.685714 0.200000 0.152381
4 0.775000 0.838095 0.050000 0.152381
4 0.775000 0.957143 0.050000 0.085714
4 0.418750 0.076190 0.250000 0.152381
4 0.318750 0.169048 0.050000 0.033333
4 0.631250 0.066667 0.250000 0.133333