0 0.478125 0.771429 0.043750 0.066667
4 0.037500 0.376190 0.050000 0.038095
4 0.912500 0.257143 0.050000 0.038095
4 0.312500 0.076190 0.162500 0.152381
4 0.321875 0.228571 0.143750 0.152381
4 0.275000 0.380952 0.050000 0.152381
4 0.275000 0.533333 0.050000 0.152381
4 0.275000 0.685714 0.050000 0.152381
4 0.275000 0.838095 0.050000 0.152381
4 0.275000 0.957143 0.050000 0.085714
4 0.737500 0.076190 0.162500 0.152381
4 0.728125 0.228571 0.143750 0.152381
4 0.775000 0.380952 0.050000 0.152381
4 0.775000 0.533333 0.050000 0.152381
4 0.775000 0.685714 0.050000 0.152381
4 0.775000 0.838095 0.050000 0.152381
4 0.775000 0.957143 0.050000 0.085714
4 0.506250 0.078571 0.050000 0.052381