0 0.503125 0.771429 0.043750 0.066667
1 0.543750 0.104762 0.050000 0.028571
4 0.912500 0.452381 0.050000 0.038095
4 0.037500 0.142857 0.050000 0.038095
4 0.275000 0.076190 0.050000 0.152381
4 0.275000 0.228571 0.050000 0.152381
4 0.303125 0.380952 0.181250 0.152381
4 0.190625 0.533333 0.181250 0.152381
4 0.275000 0.685714 0.050000 0.152381
4 0.275000 0.838095 0.050000 0.152381
4 0.275000 0.957143 0.050000 0.085714
4 0.775000 0.076190 0.050000 0.152381
4 0.775000 0.228571 0.050000 0.152381
4 0.746875 0.380952 0.181250 0.152381
4 0.859375 0.533333 0.181250 0.152381
4 0.775000 0.685714 0.050000 0.152381
4 0.775000 0.838095 0.050000 0.152381
4 0.775000 0.957143 0.050000 0.085714