0 0.521875 0.771429 0.043750 0.066667
4 0.125000 0.076190 0.050000 0.152381
4 0.125000 0.228571 0.050000 0.152381
4 0.200000 0.380952 0.200000 0.152381
4 0.275000 0.533333 0.050000 0.152381
4 0.275000 0.685714 0.050000 0.152381
4 0.275000 0.838095 0.050000 0.152381
4 0.275000 0.957143 0.050000 0.085714
4 0.925000 0.076190 0.050000 0.152381
4 0.925000 0.228571 0.050000 0.152381
4 0.850000 0.380952 0.200000 0.152381
4 0.775000 0.533333 0.050000 0.152381
4 0.775000 0.685714 0.050000 0.152381
4 0.775000 0.838095 0.050000 0.152381
4 0.775000 0.957143 0.050000 0.085714