0 0.528125 0.771429 0.043750 0.066667
1 0.418750 0.409524 0.050000 0.028571
1 0.225000 0.100000 0.050000 0.028571
4 0.037500 0.719048 0.050000 0.038095
4 0.068750 0.076190 0.050000 0.152381
4 0.068750 0.228571 0.050000 0.152381
4 0.068750 0.380952 0.050000 0.152381
4 0.096875 0.533333 0.106250 0.152381
4 0.125000 0.685714 0.050000 0.152381
4 0.125000 0.838095 0.050000 0.152381
4 0.125000 0.957143 0.050000 0.085714
4 0.981250 0.076190 0.050000 0.152381
4 0.981250 0.228571 0.050000 0.152381
4 0.981250 0.380952 0.050000 0.152381
4 0.953125 0.533333 0.106250 0.152381
4 0.925000 0.685714 0.050000 0.152381
4 0.925000 0.838095 0.050000 0.152381
4 0.925000 0.957143 0.050000 0.085714
4 0.318750 0.076190 0.050000 0.152381
4 0.318750 0.228571 0.050000 0.152381
4 0.371875 0.380952 0.156250 0.152381
4 0.418750 0.519048 0.250000 0.123810
4 0.731250 0.076190 0.050000 0.152381
4 0.731250 0.228571 0.050000 0.152381
4 0.678125 0.380952 0.156250 0.152381
4 0.578125 0.492857 0.143750 0.071429