0 0.378125 0.904762 0.043750 0.047619
1 0.187500 0.266667 0.050000 0.047619
1 0.287500 0.266667 0.050000 0.047619
1 0.387500 0.266667 0.050000 0.047619
1 0.487500 0.266667 0.050000 0.047619
1 0.587500 0.266667 0.050000 0.047619
1 0.687500 0.266667 0.050000 0.047619
1 0.287500 0.352381 0.050000 0.047619
1 0.387500 0.352381 0.050000 0.047619
1 0.487500 0.352381 0.050000 0.047619
1 0.587500 0.352381 0.050000 0.047619
1 0.687500 0.352381 0.050000 0.047619
1 0.287500 0.438095 0.050000 0.047619
1 0.387500 0.438095 0.050000 0.047619
1 0.487500 0.438095 0.050000 0.047619
1 0.587500 0.438095 0.050000 0.047619
1 0.687500 0.438095 0.050000 0.047619
1 0.287500 0.523810 0.050000 0.047619
1 0.387500 0.523810 0.050000 0.047619
1 0.487500 0.523810 0.050000 0.047619
1 0.587500 0.523810 0.050000 0.047619
1 0.687500 0.523810 0.050000 0.047619
1 0.287500 0.609524 0.050000 0.047619
1 0.387500 0.609524 0.050000 0.047619
1 0.487500 0.609524 0.050000 0.047619
1 0.587500 0.609524 0.050000 0.047619
1 0.687500 0.609524 0.050000 0.047619
1 0.287500 0.695238 0.050000 0.047619
1 0.387500 0.695238 0.050000 0.047619
1 0.487500 0.695238 0.050000 0.047619
1 0.587500 0.695238 0.050000 0.047619
1 0.687500 0.695238 0.050000 0.047619
2 0.309375 0.119048 0.006250 0.047619
2 0.165625 0.857143 0.006250 0.047619
2 0.178125 0.619048 0.006250 0.047619
2 0.290625 0.761905 0.006250 0.047619