0 0.340625 0.904762 0.043750 0.047619
1 0.293750 0.314286 0.050000 0.047619
1 0.393750 0.314286 0.050000 0.047619
1 0.493750 0.314286 0.050000 0.047619
1 0.593750 0.314286 0.050000 0.047619
1 0.693750 0.314286 0.050000 0.047619
1 0.793750 0.314286 0.050000 0.047619
1 0.293750 0.400000 0.050000 0.047619
1 0.493750 0.400000 0.050000 0.047619
1 0.593750 0.400000 0.050000 0.047619
1 0.693750 0.400000 0.050000 0.047619
1 0.793750 0.400000 0.050000 0.047619
1 0.293750 0.485714 0.050000 0.047619
1 0.493750 0.485714 0.050000 0.047619
1 0.593750 0.485714 0.050000 0.047619
1 0.693750 0.485714 0.050000 0.047619
1 0.793750 0.485714 0.050000 0.047619
1 0.493750 0.571429 0.050000 0.047619
1 0.593750 0.571429 0.050000 0.047619
1 0.693750 0.571429 0.050000 0.047619
1 0.793750 0.571429 0.050000 0.047619
1 0.493750 0.657143 0.050000 0.047619
1 0.593750 0.657143 0.050000 0.047619
1 0.693750 0.657143 0.050000 0.047619
1 0.793750 0.657143 0.050000 0.047619
1 0.493750 0.742857 0.050000 0.047619
1 0.593750 0.742857 0.050000 0.047619
1 0.693750 0.742857 0.050000 0.047619
1 0.793750 0.742857 0.050000 0.047619
2 0.303125 0.652381 0.006250 0.047619
2 0.415625 0.790476 0.006250 0.047619
2 0.803125 0.933333 0.006250 0.047619