0 0.278125 0.904762 0.043750 0.047619
1 0.250000 0.171429 0.050000 0.047619
1 0.350000 0.171429 0.050000 0.047619
1 0.450000 0.171429 0.050000 0.047619
1 0.550000 0.171429 0.050000 0.047619
1 0.650000 0.171429 0.050000 0.047619
1 0.750000 0.171429 0.050000 0.047619
1 0.250000 0.257143 0.050000 0.047619
1 0.450000 0.257143 0.050000 0.047619
1 0.550000 0.257143 0.050000 0.047619
1 0.650000 0.257143 0.050000 0.047619
1 0.750000 0.257143 0.050000 0.047619
1 0.350000 0.342857 0.050000 0.047619
1 0.450000 0.342857 0.050000 0.047619
1 0.550000 0.342857 0.050000 0.047619
1 0.650000 0.342857 0.050000 0.047619
1 0.750000 0.342857 0.050000 0.047619
1 0.450000 0.428571 0.050000 0.047619
1 0.550000 0.428571 0.050000 0.047619
1 0.650000 0.428571 0.050000 0.047619
1 0.750000 0.428571 0.050000 0.047619
1 0.450000 0.514286 0.050000 0.047619
1 0.550000 0.514286 0.050000 0.047619
1 0.650000 0.514286 0.050000 0.047619
1 0.750000 0.514286 0.050000 0.047619
1 0.450000 0.600000 0.050000 0.047619
1 0.550000 0.600000 0.050000 0.047619
1 0.650000 0.600000 0.050000 0.047619
1 0.750000 0.600000 0.050000 0.047619
2 0.253125 0.480952 0.006250 0.047619
2 0.346875 0.542857 0.006250 0.047619