0 0.278125 0.904762 0.043750 0.047619
1 0.187500 0.171429 0.050000 0.047619
1 0.287500 0.171429 0.050000 0.047619
1 0.387500 0.171429 0.050000 0.047619
1 0.487500 0.171429 0.050000 0.047619
1 0.587500 0.171429 0.050000 0.047619
1 0.687500 0.171429 0.050000 0.047619
1 0.187500 0.257143 0.050000 0.047619
1 0.387500 0.257143 0.050000 0.047619
1 0.487500 0.257143 0.050000 0.047619
1 0.587500 0.257143 0.050000 0.047619
1 0.687500 0.257143 0.050000 0.047619
1 0.287500 0.342857 0.050000 0.047619
1 0.387500 0.342857 0.050000 0.047619
1 0.487500 0.342857 0.050000 0.047619
1 0.587500 0.342857 0.050000 0.047619
1 0.687500 0.342857 0.050000 0.047619
1 0.187500 0.428571 0.050000 0.047619
1 0.387500 0.428571 0.050000 0.047619
1 0.487500 0.428571 0.050000 0.047619
1 0.587500 0.428571 0.050000 0.047619
1 0.687500 0.428571 0.050000 0.047619
1 0.387500 0.514286 0.050000 0.047619
1 0.487500 0.514286 0.050000 0.047619
1 0.587500 0.514286 0.050000 0.047619
1 0.687500 0.514286 0.050000 0.047619
1 0.387500 0.600000 0.050000 0.047619
1 0.487500 0.600000 0.050000 0.047619
1 0.587500 0.600000 0.050000 0.047619
1 0.687500 0.600000 0.050000 0.047619
2 0.246875 0.576190 0.006250 0.047619
2 0.484375 0.704762 0.006250 0.047619