0 0.309375 0.904762 0.043750 0.047619
1 0.293750 0.266667 0.050000 0.047619
1 0.393750 0.266667 0.050000 0.047619
1 0.493750 0.266667 0.050000 0.047619
1 0.593750 0.266667 0.050000 0.047619
1 0.693750 0.266667 0.050000 0.047619
1 0.793750 0.266667 0.050000 0.047619
1 0.293750 0.352381 0.050000 0.047619
1 0.493750 0.352381 0.050000 0.047619
1 0.593750 0.352381 0.050000 0.047619
1 0.693750 0.352381 0.050000 0.047619
1 0.793750 0.352381 0.050000 0.047619
1 0.293750 0.438095 0.050000 0.047619
1 0.493750 0.438095 0.050000 0.047619
1 0.593750 0.438095 0.050000 0.047619
1 0.693750 0.438095 0.050000 0.047619
1 0.793750 0.438095 0.050000 0.047619
1 0.493750 0.523810 0.050000 0.047619
1 0.593750 0.523810 0.050000 0.047619
1 0.693750 0.523810 0.050000 0.047619
1 0.793750 0.523810 0.050000 0.047619
1 0.493750 0.609524 0.050000 0.047619
1 0.593750 0.609524 0.050000 0.047619
1 0.693750 0.609524 0.050000 0.047619
1 0.793750 0.609524 0.050000 0.047619
1 0.493750 0.695238 0.050000 0.047619
1 0.593750 0.695238 0.050000 0.047619
1 0.693750 0.695238 0.050000 0.047619
1 0.793750 0.695238 0.050000 0.047619
2 0.396875 0.361905 0.006250 0.047619
3 0.246875 0.071429 0.043750 0.038095