0 0.421875 0.904762 0.043750 0.047619
1 0.237500 0.171429 0.050000 0.047619
1 0.337500 0.171429 0.050000 0.047619
1 0.437500 0.171429 0.050000 0.047619
1 0.537500 0.171429 0.050000 0.047619
1 0.637500 0.171429 0.050000 0.047619
1 0.737500 0.171429 0.050000 0.047619
1 0.237500 0.257143 0.050000 0.047619
1 0.437500 0.257143 0.050000 0.047619
1 0.537500 0.257143 0.050000 0.047619
1 0.637500 0.257143 0.050000 0.047619
1 0.737500 0.257143 0.050000 0.047619
1 0.437500 0.342857 0.050000 0.047619
1 0.537500 0.342857 0.050000 0.047619
1 0.637500 0.342857 0.050000 0.047619
1 0.737500 0.342857 0.050000 0.047619
1 0.437500 0.428571 0.050000 0.047619
1 0.537500 0.428571 0.050000 0.047619
1 0.637500 0.428571 0.050000 0.047619
1 0.737500 0.428571 0.050000 0.047619
1 0.437500 0.514286 0.050000 0.047619
1 0.537500 0.514286 0.050000 0.047619
1 0.637500 0.514286 0.050000 0.047619
1 0.737500 0.514286 0.050000 0.047619
1 0.437500 0.600000 0.050000 0.047619
1 0.537500 0.600000 0.050000 0.047619
1 0.637500 0.600000 0.050000 0.047619
1 0.737500 0.600000 0.050000 0.047619
2 0.309375 0.342857 0.006250 0.047619
2 0.434375 0.800000 0.006250 0.047619
2 0.221875 0.742857 0.006250 0.047619