0 0.309375 0.904762 0.043750 0.047619
1 0.237500 0.314286 0.050000 0.047619
1 0.337500 0.314286 0.050000 0.047619
1 0.437500 0.314286 0.050000 0.047619
1 0.537500 0.314286 0.050000 0.047619
1 0.637500 0.314286 0.050000 0.047619
1 0.737500 0.314286 0.050000 0.047619
1 0.237500 0.400000 0.050000 0.047619
1 0.437500 0.400000 0.050000 0.047619
1 0.537500 0.400000 0.050000 0.047619
1 0.637500 0.400000 0.050000 0.047619
1 0.737500 0.400000 0.050000 0.047619
1 0.437500 0.485714 0.050000 0.047619
1 0.537500 0.485714 0.050000 0.047619
1 0.637500 0.485714 0.050000 0.047619
1 0.737500 0.485714 0.050000 0.047619
1 0.437500 0.571429 0.050000 0.047619
1 0.537500 0.571429 0.050000 0.047619
1 0.637500 0.571429 0.050000 0.047619
1 0.737500 0.571429 0.050000 0.047619
1 0.437500 0.657143 0.050000 0.047619
1 0.537500 0.657143 0.050000 0.047619
1 0.637500 0.657143 0.050000 0.047619
1 0.737500 0.657143 0.050000 0.047619
1 0.437500 0.742857 0.050000 0.047619
1 0.537500 0.742857 0.050000 0.047619
1 0.637500 0.742857 0.050000 0.047619
1 0.737500 0.742857 0.050000 0.047619
2 0.296875 0.800000 0.006250 0.047619
2 0.646875 0.919048 0.006250 0.047619
3 0.784375 0.071429 0.043750 0.038095