0 0.321875 0.904762 0.043750 0.047619
1 0.181250 0.219048 0.050000 0.047619
1 0.281250 0.219048 0.050000 0.047619
1 0.381250 0.219048 0.050000 0.047619
1 0.481250 0.219048 0.050000 0.047619
1 0.581250 0.219048 0.050000 0.047619
1 0.681250 0.219048 0.050000 0.047619
1 0.181250 0.304762 0.050000 0.047619
1 0.281250 0.304762 0.050000 0.047619
1 0.381250 0.304762 0.050000 0.047619
1 0.481250 0.304762 0.050000 0.047619
1 0.581250 0.304762 0.050000 0.047619
1 0.681250 0.304762 0.050000 0.047619
1 0.281250 0.390476 0.050000 0.047619
1 0.381250 0.390476 0.050000 0.047619
1 0.481250 0.390476 0.050000 0.047619
1 0.581250 0.390476 0.050000 0.047619
1 0.681250 0.390476 0.050000 0.047619
1 0.181250 0.476190 0.050000 0.047619
1 0.381250 0.476190 0.050000 0.047619
1 0.481250 0.476190 0.050000 0.047619
1 0.581250 0.476190 0.050000 0.047619
1 0.681250 0.476190 0.050000 0.047619
1 0.381250 0.561905 0.050000 0.047619
1 0.481250 0.561905 0.050000 0.047619
1 0.581250 0.561905 0.050000 0.047619
1 0.681250 0.561905 0.050000 0.047619
1 0.381250 0.647619 0.050000 0.047619
1 0.481250 0.647619 0.050000 0.047619
1 0.581250 0.647619 0.050000 0.047619
1 0.681250 0.647619 0.050000 0.047619
2 0.271875 0.823810 0.006250 0.047619
2 0.590625 0.733333 0.006250 0.047619