4 0.175000 0.628571 0.050000 0.038095
4 0.125000 0.666667 0.050000 0.038095
4 0.175000 0.666667 0.050000 0.038095
4 0.225000 0.666667 0.050000 0.038095
4 0.275000 0.666667 0.050000 0.038095
4 0.325000 0.666667 0.050000 0.038095
4 0.225000 0.704762 0.050000 0.038095
4 0.275000 0.704762 0.050000 0.038095
4 0.075000 0.742857 0.050000 0.038095
4 0.225000 0.742857 0.050000 0.038095
4 0.025000 0.780952 0.050000 0.038095
4 0.075000 0.780952 0.050000 0.038095
4 0.225000 0.780952 0.050000 0.038095
4 0.275000 0.780952 0.050000 0.038095
4 0.375000 0.780952 0.050000 0.038095
4 0.425000 0.780952 0.050000 0.038095
4 0.475000 0.780952 0.050000 0.038095
4 0.075000 0.819048 0.050000 0.038095
4 0.225000 0.819048 0.050000 0.038095
4 0.425000 0.819048 0.050000 0.038095