0 0.390625 0.904762 0.043750 0.047619
1 0.281250 0.171429 0.050000 0.047619
1 0.381250 0.171429 0.050000 0.047619
1 0.481250 0.171429 0.050000 0.047619
1 0.581250 0.171429 0.050000 0.047619
1 0.681250 0.171429 0.050000 0.047619
1 0.781250 0.171429 0.050000 0.047619
1 0.281250 0.257143 0.050000 0.047619
1 0.381250 0.257143 0.050000 0.047619
1 0.481250 0.257143 0.050000 0.047619
1 0.581250 0.257143 0.050000 0.047619
1 0.681250 0.257143 0.050000 0.047619
1 0.781250 0.257143 0.050000 0.047619
1 0.281250 0.342857 0.050000 0.047619
1 0.381250 0.342857 0.050000 0.047619
1 0.481250 0.342857 0.050000 0.047619
1 0.581250 0.342857 0.050000 0.047619
1 0.681250 0.342857 0.050000 0.047619
1 0.781250 0.342857 0.050000 0.047619
1 0.281250 0.428571 0.050000 0.047619
1 0.381250 0.428571 0.050000 0.047619
1 0.481250 0.428571 0.050000 0.047619
1 0.581250 0.428571 0.050000 0.047619
1 0.681250 0.428571 0.050000 0.047619
1 0.781250 0.428571 0.050000 0.047619
1 0.281250 0.514286 0.050000 0.047619
1 0.381250 0.514286 0.050000 0.047619
1 0.481250 0.514286 0.050000 0.047619
1 0.581250 0.514286 0.050000 0.047619
1 0.681250 0.514286 0.050000 0.047619
1 0.781250 0.514286 0.050000 0.047619
1 0.281250 0.600000 0.050000 0.047619
1 0.481250 0.600000 0.050000 0.047619
1 0.581250 0.600000 0.050000 0.047619
1 0.681250 0.600000 0.050000 0.047619
1 0.781250 0.600000 0.050000 0.047619
2 0.315625 0.390476 0.006250 0.047619
2 0.678125 0.714286 0.006250 0.047619