0 0.353125 0.904762 0.043750 0.047619
1 0.212500 0.266667 0.050000 0.047619
1 0.312500 0.266667 0.050000 0.047619
1 0.412500 0.266667 0.050000 0.047619
1 0.512500 0.266667 0.050000 0.047619
1 0.612500 0.266667 0.050000 0.047619
1 0.712500 0.266667 0.050000 0.047619
1 0.212500 0.352381 0.050000 0.047619
1 0.312500 0.352381 0.050000 0.047619
1 0.412500 0.352381 0.050000 0.047619
1 0.512500 0.352381 0.050000 0.047619
1 0.612500 0.352381 0.050000 0.047619
1 0.712500 0.352381 0.050000 0.047619
1 0.212500 0.438095 0.050000 0.047619
1 0.312500 0.438095 0.050000 0.047619
1 0.412500 0.438095 0.050000 0.047619
1 0.512500 0.438095 0.050000 0.047619
1 0.612500 0.438095 0.050000 0.047619
1 0.712500 0.438095 0.050000 0.047619
1 0.412500 0.523810 0.050000 0.047619
1 0.512500 0.523810 0.050000 0.047619
1 0.612500 0.523810 0.050000 0.047619
1 0.712500 0.523810 0.050000 0.047619
1 0.412500 0.609524 0.050000 0.047619
1 0.512500 0.609524 0.050000 0.047619
1 0.612500 0.609524 0.050000 0.047619
1 0.712500 0.609524 0.050000 0.047619
1 0.412500 0.695238 0.050000 0.047619
1 0.512500 0.695238 0.050000 0.047619
1 0.612500 0.695238 0.050000 0.047619
1 0.712500 0.695238 0.050000 0.047619
2 0.321875 0.742857 0.006250 0.047619
2 0.409375 0.885714 0.006250 0.047619
3 0.871875 0.071429 0.043750 0.038095