0 0.696875 0.909524 0.043750 0.047619
1 0.325000 0.276190 0.050000 0.047619
1 0.425000 0.276190 0.050000 0.047619
1 0.525000 0.276190 0.050000 0.047619
1 0.625000 0.276190 0.050000 0.047619
1 0.725000 0.276190 0.050000 0.047619
1 0.825000 0.276190 0.050000 0.047619
1 0.325000 0.361905 0.050000 0.047619
1 0.425000 0.361905 0.050000 0.047619
1 0.525000 0.361905 0.050000 0.047619
1 0.625000 0.361905 0.050000 0.047619
1 0.325000 0.447619 0.050000 0.047619
1 0.425000 0.447619 0.050000 0.047619
1 0.525000 0.447619 0.050000 0.047619
1 0.625000 0.447619 0.050000 0.047619
1 0.825000 0.447619 0.050000 0.047619
1 0.325000 0.533333 0.050000 0.047619
1 0.425000 0.533333 0.050000 0.047619
1 0.525000 0.533333 0.050000 0.047619
1 0.625000 0.533333 0.050000 0.047619
1 0.825000 0.533333 0.050000 0.047619
1 0.325000 0.619048 0.050000 0.047619
1 0.425000 0.619048 0.050000 0.047619
1 0.525000 0.619048 0.050000 0.047619
1 0.625000 0.619048 0.050000 0.047619
1 0.325000 0.704762 0.050000 0.047619
1 0.525000 0.704762 0.050000 0.047619
1 0.625000 0.704762 0.050000 0.047619
0 0.759375 0.580952 0.006250 0.047619
5 0.953125 0.076190 0.043750 0.038095