0 0.234375 0.909524 0.043750 0.047619
1 0.231250 0.180952 0.050000 0.047619
1 0.331250 0.180952 0.050000 0.047619
1 0.431250 0.180952 0.050000 0.047619
1 0.531250 0.180952 0.050000 0.047619
1 0.731250 0.180952 0.050000 0.047619
1 0.231250 0.266667 0.050000 0.047619
1 0.331250 0.266667 0.050000 0.047619
1 0.431250 0.266667 0.050000 0.047619
1 0.531250 0.266667 0.050000 0.047619
1 0.231250 0.352381 0.050000 0.047619
1 0.331250 0.352381 0.050000 0.047619
1 0.431250 0.352381 0.050000 0.047619
1 0.531250 0.352381 0.050000 0.047619
1 0.731250 0.352381 0.050000 0.047619
1 0.231250 0.438095 0.050000 0.047619
1 0.331250 0.438095 0.050000 0.047619
1 0.431250 0.438095 0.050000 0.047619
1 0.531250 0.438095 0.050000 0.047619
1 0.731250 0.438095 0.050000 0.047619
1 0.231250 0.523810 0.050000 0.047619
1 0.331250 0.523810 0.050000 0.047619
1 0.431250 0.523810 0.050000 0.047619
1 0.531250 0.523810 0.050000 0.047619
1 0.231250 0.609524 0.050000 0.047619
1 0.431250 0.609524 0.050000 0.047619
1 0.531250 0.609524 0.050000 0.047619
0 0.259375 0.304762 0.006250 0.047619
1 0.528125 0.690476 0.006250 0.047619
1 0.515625 0.976190 0.006250 0.047619