0 0.365625 0.909524 0.043750 0.047619
1 0.337500 0.180952 0.050000 0.047619
1 0.437500 0.180952 0.050000 0.047619
1 0.537500 0.180952 0.050000 0.047619
1 0.637500 0.180952 0.050000 0.047619
1 0.737500 0.180952 0.050000 0.047619
1 0.837500 0.180952 0.050000 0.047619
1 0.337500 0.266667 0.050000 0.047619
1 0.437500 0.266667 0.050000 0.047619
1 0.537500 0.266667 0.050000 0.047619
1 0.637500 0.266667 0.050000 0.047619
1 0.737500 0.266667 0.050000 0.047619
1 0.837500 0.266667 0.050000 0.047619
1 0.337500 0.352381 0.050000 0.047619
1 0.437500 0.352381 0.050000 0.047619
1 0.537500 0.352381 0.050000 0.047619
1 0.637500 0.352381 0.050000 0.047619
1 0.737500 0.352381 0.050000 0.047619
1 0.837500 0.352381 0.050000 0.047619
1 0.337500 0.438095 0.050000 0.047619
1 0.437500 0.438095 0.050000 0.047619
1 0.537500 0.438095 0.050000 0.047619
1 0.637500 0.438095 0.050000 0.047619
1 0.737500 0.438095 0.050000 0.047619
1 0.837500 0.438095 0.050000 0.047619
1 0.337500 0.523810 0.050000 0.047619
1 0.437500 0.523810 0.050000 0.047619
1 0.537500 0.523810 0.050000 0.047619
1 0.637500 0.523810 0.050000 0.047619
1 0.737500 0.523810 0.050000 0.047619
1 0.837500 0.523810 0.050000 0.047619
1 0.337500 0.609524 0.050000 0.047619
1 0.437500 0.609524 0.050000 0.047619
1 0.537500 0.609524 0.050000 0.047619
1 0.637500 0.609524 0.050000 0.047619
1 0.737500 0.609524 0.050000 0.047619
1 0.837500 0.609524 0.050000 0.047619
0 0.365625 0.280952 0.006250 0.047619
1 0.634375 0.671429 0.006250 0.047619
1 0.821875 0.957143 0.006250 0.047619