0 0.690625 0.909524 0.043750 0.047619
1 0.181250 0.228571 0.050000 0.047619
1 0.281250 0.228571 0.050000 0.047619
1 0.381250 0.228571 0.050000 0.047619
1 0.481250 0.228571 0.050000 0.047619
1 0.581250 0.228571 0.050000 0.047619
1 0.681250 0.228571 0.050000 0.047619
1 0.181250 0.314286 0.050000 0.047619
1 0.281250 0.314286 0.050000 0.047619
1 0.381250 0.314286 0.050000 0.047619
1 0.481250 0.314286 0.050000 0.047619
1 0.181250 0.400000 0.050000 0.047619
1 0.281250 0.400000 0.050000 0.047619
1 0.381250 0.400000 0.050000 0.047619
1 0.481250 0.400000 0.050000 0.047619
1 0.581250 0.400000 0.050000 0.047619
1 0.681250 0.400000 0.050000 0.047619
1 0.181250 0.485714 0.050000 0.047619
1 0.281250 0.485714 0.050000 0.047619
1 0.381250 0.485714 0.050000 0.047619
1 0.481250 0.485714 0.050000 0.047619
1 0.581250 0.485714 0.050000 0.047619
1 0.681250 0.485714 0.050000 0.047619
1 0.181250 0.571429 0.050000 0.047619
1 0.281250 0.571429 0.050000 0.047619
1 0.381250 0.571429 0.050000 0.047619
1 0.481250 0.571429 0.050000 0.047619
1 0.581250 0.571429 0.050000 0.047619
1 0.681250 0.571429 0.050000 0.047619
1 0.181250 0.657143 0.050000 0.047619
1 0.381250 0.657143 0.050000 0.047619
1 0.481250 0.657143 0.050000 0.047619
1 0.681250 0.657143 0.050000 0.047619
0 0.715625 0.804762 0.006250 0.047619
1 0.596875 1.000000 0.006250 0.047619
1 0.384375 0.814286 0.006250 0.047619