0 0.290625 0.909524 0.043750 0.047619
1 0.412500 0.228571 0.050000 0.047619
1 0.512500 0.228571 0.050000 0.047619
1 0.612500 0.228571 0.050000 0.047619
1 0.712500 0.228571 0.050000 0.047619
1 0.812500 0.228571 0.050000 0.047619
1 0.412500 0.314286 0.050000 0.047619
1 0.512500 0.314286 0.050000 0.047619
1 0.612500 0.314286 0.050000 0.047619
1 0.712500 0.314286 0.050000 0.047619
1 0.812500 0.314286 0.050000 0.047619
1 0.412500 0.400000 0.050000 0.047619
1 0.512500 0.400000 0.050000 0.047619
1 0.612500 0.400000 0.050000 0.047619
1 0.712500 0.400000 0.050000 0.047619
1 0.812500 0.400000 0.050000 0.047619
1 0.412500 0.485714 0.050000 0.047619
1 0.512500 0.485714 0.050000 0.047619
1 0.612500 0.485714 0.050000 0.047619
1 0.712500 0.485714 0.050000 0.047619
1 0.812500 0.485714 0.050000 0.047619
1 0.512500 0.571429 0.050000 0.047619
1 0.612500 0.571429 0.050000 0.047619
1 0.712500 0.571429 0.050000 0.047619
1 0.812500 0.571429 0.050000 0.047619
1 0.512500 0.657143 0.050000 0.047619
1 0.612500 0.657143 0.050000 0.047619
1 0.712500 0.657143 0.050000 0.047619
1 0.812500 0.657143 0.050000 0.047619
0 0.334375 0.338095 0.006250 0.047619
1 0.334375 0.919048 0.006250 0.047619
1 0.615625 0.823810 0.006250 0.047619
5 0.884375 0.076190 0.043750 0.038095