0 0.740625 0.909524 0.043750 0.047619
1 0.306250 0.323810 0.050000 0.047619
1 0.406250 0.323810 0.050000 0.047619
1 0.506250 0.323810 0.050000 0.047619
1 0.606250 0.323810 0.050000 0.047619
1 0.806250 0.323810 0.050000 0.047619
1 0.306250 0.409524 0.050000 0.047619
1 0.406250 0.409524 0.050000 0.047619
1 0.506250 0.409524 0.050000 0.047619
1 0.606250 0.409524 0.050000 0.047619
1 0.306250 0.495238 0.050000 0.047619
1 0.406250 0.495238 0.050000 0.047619
1 0.506250 0.495238 0.050000 0.047619
1 0.606250 0.495238 0.050000 0.047619
1 0.806250 0.495238 0.050000 0.047619
1 0.306250 0.580952 0.050000 0.047619
1 0.406250 0.580952 0.050000 0.047619
1 0.506250 0.580952 0.050000 0.047619
1 0.606250 0.580952 0.050000 0.047619
1 0.806250 0.580952 0.050000 0.047619
1 0.306250 0.666667 0.050000 0.047619
1 0.406250 0.666667 0.050000 0.047619
1 0.506250 0.666667 0.050000 0.047619
1 0.606250 0.666667 0.050000 0.047619
1 0.306250 0.752381 0.050000 0.047619
1 0.506250 0.752381 0.050000 0.047619
1 0.606250 0.752381 0.050000 0.047619
0 0.759375 0.785714 0.006250 0.047619
1 0.709375 0.576190 0.006250 0.047619