0 0.240625 0.909524 0.043750 0.047619
1 0.187500 0.180952 0.050000 0.047619
1 0.287500 0.180952 0.050000 0.047619
1 0.387500 0.180952 0.050000 0.047619
1 0.487500 0.180952 0.050000 0.047619
1 0.687500 0.180952 0.050000 0.047619
1 0.187500 0.266667 0.050000 0.047619
1 0.287500 0.266667 0.050000 0.047619
1 0.387500 0.266667 0.050000 0.047619
1 0.487500 0.266667 0.050000 0.047619
1 0.187500 0.352381 0.050000 0.047619
1 0.287500 0.352381 0.050000 0.047619
1 0.387500 0.352381 0.050000 0.047619
1 0.487500 0.352381 0.050000 0.047619
1 0.687500 0.352381 0.050000 0.047619
1 0.187500 0.438095 0.050000 0.047619
1 0.287500 0.438095 0.050000 0.047619
1 0.387500 0.438095 0.050000 0.047619
1 0.487500 0.438095 0.050000 0.047619
1 0.687500 0.438095 0.050000 0.047619
1 0.187500 0.523810 0.050000 0.047619
1 0.287500 0.523810 0.050000 0.047619
1 0.387500 0.523810 0.050000 0.047619
1 0.487500 0.523810 0.050000 0.047619
1 0.187500 0.609524 0.050000 0.047619
1 0.387500 0.609524 0.050000 0.047619
1 0.487500 0.609524 0.050000 0.047619
0 0.246875 0.542857 0.006250 0.047619
1 0.178125 0.690476 0.006250 0.047619