0 0.340625 0.909524 0.043750 0.047619
1 0.331250 0.180952 0.050000 0.047619
1 0.431250 0.180952 0.050000 0.047619
1 0.531250 0.180952 0.050000 0.047619
1 0.631250 0.180952 0.050000 0.047619
1 0.731250 0.180952 0.050000 0.047619
1 0.831250 0.180952 0.050000 0.047619
1 0.431250 0.266667 0.050000 0.047619
1 0.531250 0.266667 0.050000 0.047619
1 0.631250 0.266667 0.050000 0.047619
1 0.731250 0.266667 0.050000 0.047619
1 0.831250 0.266667 0.050000 0.047619
1 0.431250 0.352381 0.050000 0.047619
1 0.531250 0.352381 0.050000 0.047619
1 0.631250 0.352381 0.050000 0.047619
1 0.731250 0.352381 0.050000 0.047619
1 0.831250 0.352381 0.050000 0.047619
1 0.431250 0.438095 0.050000 0.047619
1 0.531250 0.438095 0.050000 0.047619
1 0.631250 0.438095 0.050000 0.047619
1 0.731250 0.438095 0.050000 0.047619
1 0.831250 0.438095 0.050000 0.047619
1 0.531250 0.523810 0.050000 0.047619
1 0.631250 0.523810 0.050000 0.047619
1 0.731250 0.523810 0.050000 0.047619
1 0.831250 0.523810 0.050000 0.047619
1 0.531250 0.609524 0.050000 0.047619
1 0.631250 0.609524 0.050000 0.047619
1 0.731250 0.609524 0.050000 0.047619
1 0.831250 0.609524 0.050000 0.047619
0 0.334375 0.490476 0.006250 0.047619
1 0.821875 0.871429 0.006250 0.047619