0 0.278125 0.909524 0.043750 0.047619
1 0.250000 0.180952 0.050000 0.047619
1 0.350000 0.180952 0.050000 0.047619
1 0.450000 0.180952 0.050000 0.047619
1 0.550000 0.180952 0.050000 0.047619
1 0.750000 0.180952 0.050000 0.047619
1 0.250000 0.266667 0.050000 0.047619
1 0.350000 0.266667 0.050000 0.047619
1 0.450000 0.266667 0.050000 0.047619
1 0.550000 0.266667 0.050000 0.047619
1 0.250000 0.352381 0.050000 0.047619
1 0.350000 0.352381 0.050000 0.047619
1 0.450000 0.352381 0.050000 0.047619
1 0.550000 0.352381 0.050000 0.047619
1 0.750000 0.352381 0.050000 0.047619
1 0.250000 0.438095 0.050000 0.047619
1 0.350000 0.438095 0.050000 0.047619
1 0.450000 0.438095 0.050000 0.047619
1 0.550000 0.438095 0.050000 0.047619
1 0.750000 0.438095 0.050000 0.047619
1 0.250000 0.523810 0.050000 0.047619
1 0.350000 0.523810 0.050000 0.047619
1 0.450000 0.523810 0.050000 0.047619
1 0.550000 0.523810 0.050000 0.047619
1 0.250000 0.609524 0.050000 0.047619
1 0.450000 0.609524 0.050000 0.047619
1 0.550000 0.609524 0.050000 0.047619
1 0.240625 0.785714 0.006250 0.047619