0 0.340625 0.909524 0.043750 0.047619
1 0.381250 0.228571 0.050000 0.047619
1 0.481250 0.228571 0.050000 0.047619
1 0.581250 0.228571 0.050000 0.047619
1 0.681250 0.228571 0.050000 0.047619
1 0.781250 0.228571 0.050000 0.047619
1 0.381250 0.314286 0.050000 0.047619
1 0.481250 0.314286 0.050000 0.047619
1 0.581250 0.314286 0.050000 0.047619
1 0.681250 0.314286 0.050000 0.047619
1 0.781250 0.314286 0.050000 0.047619
1 0.381250 0.400000 0.050000 0.047619
1 0.481250 0.400000 0.050000 0.047619
1 0.581250 0.400000 0.050000 0.047619
1 0.681250 0.400000 0.050000 0.047619
1 0.781250 0.400000 0.050000 0.047619
1 0.381250 0.485714 0.050000 0.047619
1 0.481250 0.485714 0.050000 0.047619
1 0.581250 0.485714 0.050000 0.047619
1 0.681250 0.485714 0.050000 0.047619
1 0.781250 0.485714 0.050000 0.047619
1 0.481250 0.571429 0.050000 0.047619
1 0.581250 0.571429 0.050000 0.047619
1 0.681250 0.571429 0.050000 0.047619
1 0.781250 0.571429 0.050000 0.047619
1 0.481250 0.657143 0.050000 0.047619
1 0.581250 0.657143 0.050000 0.047619
1 0.681250 0.657143 0.050000 0.047619
1 0.781250 0.657143 0.050000 0.047619
0 0.315625 0.523810 0.006250 0.047619
1 0.678125 0.728571 0.006250 0.047619
1 0.790625 1.000000 0.006250 0.047619
5 0.634375 0.076190 0.043750 0.038095