0 0.653125 0.909524 0.043750 0.047619
1 0.181250 0.276190 0.050000 0.047619
1 0.281250 0.276190 0.050000 0.047619
1 0.381250 0.276190 0.050000 0.047619
1 0.481250 0.276190 0.050000 0.047619
1 0.581250 0.276190 0.050000 0.047619
1 0.681250 0.276190 0.050000 0.047619
1 0.181250 0.361905 0.050000 0.047619
1 0.281250 0.361905 0.050000 0.047619
1 0.381250 0.361905 0.050000 0.047619
1 0.481250 0.361905 0.050000 0.047619
1 0.181250 0.447619 0.050000 0.047619
1 0.281250 0.447619 0.050000 0.047619
1 0.381250 0.447619 0.050000 0.047619
1 0.481250 0.447619 0.050000 0.047619
1 0.581250 0.447619 0.050000 0.047619
1 0.681250 0.447619 0.050000 0.047619
1 0.181250 0.533333 0.050000 0.047619
1 0.281250 0.533333 0.050000 0.047619
1 0.381250 0.533333 0.050000 0.047619
1 0.481250 0.533333 0.050000 0.047619
1 0.581250 0.533333 0.050000 0.047619
1 0.681250 0.533333 0.050000 0.047619
1 0.181250 0.619048 0.050000 0.047619
1 0.281250 0.619048 0.050000 0.047619
1 0.381250 0.619048 0.050000 0.047619
1 0.481250 0.619048 0.050000 0.047619
1 0.581250 0.619048 0.050000 0.047619
1 0.681250 0.619048 0.050000 0.047619
1 0.181250 0.704762 0.050000 0.047619
1 0.381250 0.704762 0.050000 0.047619
1 0.481250 0.704762 0.050000 0.047619
1 0.681250 0.704762 0.050000 0.047619
0 0.715625 0.423810 0.006250 0.047619
1 0.571875 0.823810 0.006250 0.047619