0 0.228125 0.909524 0.043750 0.047619
1 0.218750 0.180952 0.050000 0.047619
1 0.318750 0.180952 0.050000 0.047619
1 0.418750 0.180952 0.050000 0.047619
1 0.518750 0.180952 0.050000 0.047619
1 0.718750 0.180952 0.050000 0.047619
1 0.218750 0.266667 0.050000 0.047619
1 0.318750 0.266667 0.050000 0.047619
1 0.418750 0.266667 0.050000 0.047619
1 0.518750 0.266667 0.050000 0.047619
1 0.218750 0.352381 0.050000 0.047619
1 0.318750 0.352381 0.050000 0.047619
1 0.418750 0.352381 0.050000 0.047619
1 0.518750 0.352381 0.050000 0.047619
1 0.718750 0.352381 0.050000 0.047619
1 0.218750 0.438095 0.050000 0.047619
1 0.318750 0.438095 0.050000 0.047619
1 0.418750 0.438095 0.050000 0.047619
1 0.518750 0.438095 0.050000 0.047619
1 0.718750 0.438095 0.050000 0.047619
1 0.218750 0.523810 0.050000 0.047619
1 0.318750 0.523810 0.050000 0.047619
1 0.418750 0.523810 0.050000 0.047619
1 0.518750 0.523810 0.050000 0.047619
1 0.218750 0.609524 0.050000 0.047619
1 0.418750 0.609524 0.050000 0.047619
1 0.518750 0.609524 0.050000 0.047619
0 0.259375 0.685714 0.006250 0.047619
1 0.403125 0.880952 0.006250 0.047619