0 0.584375 0.909524 0.043750 0.047619
1 0.262500 0.276190 0.050000 0.047619
1 0.362500 0.276190 0.050000 0.047619
1 0.462500 0.276190 0.050000 0.047619
1 0.562500 0.276190 0.050000 0.047619
1 0.662500 0.276190 0.050000 0.047619
1 0.762500 0.276190 0.050000 0.047619
1 0.262500 0.361905 0.050000 0.047619
1 0.362500 0.361905 0.050000 0.047619
1 0.462500 0.361905 0.050000 0.047619
1 0.562500 0.361905 0.050000 0.047619
1 0.262500 0.447619 0.050000 0.047619
1 0.362500 0.447619 0.050000 0.047619
1 0.462500 0.447619 0.050000 0.047619
1 0.562500 0.447619 0.050000 0.047619
1 0.662500 0.447619 0.050000 0.047619
1 0.762500 0.447619 0.050000 0.047619
1 0.262500 0.533333 0.050000 0.047619
1 0.362500 0.533333 0.050000 0.047619
1 0.462500 0.533333 0.050000 0.047619
1 0.562500 0.533333 0.050000 0.047619
1 0.762500 0.533333 0.050000 0.047619
1 0.262500 0.619048 0.050000 0.047619
1 0.362500 0.619048 0.050000 0.047619
1 0.462500 0.619048 0.050000 0.047619
1 0.562500 0.619048 0.050000 0.047619
1 0.262500 0.704762 0.050000 0.047619
1 0.462500 0.704762 0.050000 0.047619
1 0.562500 0.704762 0.050000 0.047619
0 0.640625 0.709524 0.006250 0.047619
1 0.453125 0.861905 0.006250 0.047619
5 0.453125 0.076190 0.043750 0.038095