0 0.271875 0.909524 0.043750 0.047619
1 0.268750 0.180952 0.050000 0.047619
1 0.368750 0.180952 0.050000 0.047619
1 0.468750 0.180952 0.050000 0.047619
1 0.568750 0.180952 0.050000 0.047619
1 0.668750 0.180952 0.050000 0.047619
1 0.768750 0.180952 0.050000 0.047619
1 0.368750 0.266667 0.050000 0.047619
1 0.468750 0.266667 0.050000 0.047619
1 0.568750 0.266667 0.050000 0.047619
1 0.668750 0.266667 0.050000 0.047619
1 0.768750 0.266667 0.050000 0.047619
1 0.268750 0.352381 0.050000 0.047619
1 0.368750 0.352381 0.050000 0.047619
1 0.468750 0.352381 0.050000 0.047619
1 0.568750 0.352381 0.050000 0.047619
1 0.668750 0.352381 0.050000 0.047619
1 0.768750 0.352381 0.050000 0.047619
1 0.268750 0.438095 0.050000 0.047619
1 0.468750 0.438095 0.050000 0.047619
1 0.568750 0.438095 0.050000 0.047619
1 0.668750 0.438095 0.050000 0.047619
1 0.768750 0.438095 0.050000 0.047619
1 0.268750 0.523810 0.050000 0.047619
1 0.368750 0.523810 0.050000 0.047619
1 0.468750 0.523810 0.050000 0.047619
1 0.568750 0.523810 0.050000 0.047619
1 0.668750 0.523810 0.050000 0.047619
1 0.768750 0.523810 0.050000 0.047619
1 0.468750 0.609524 0.050000 0.047619
1 0.568750 0.609524 0.050000 0.047619
1 0.668750 0.609524 0.050000 0.047619
1 0.768750 0.609524 0.050000 0.047619
1 0.459375 0.780952 0.006250 0.047619