0 0.590625 0.909524 0.043750 0.047619
1 0.231250 0.228571 0.050000 0.047619
1 0.331250 0.228571 0.050000 0.047619
1 0.431250 0.228571 0.050000 0.047619
1 0.531250 0.228571 0.050000 0.047619
1 0.631250 0.228571 0.050000 0.047619
1 0.731250 0.228571 0.050000 0.047619
1 0.231250 0.314286 0.050000 0.047619
1 0.331250 0.314286 0.050000 0.047619
1 0.431250 0.314286 0.050000 0.047619
1 0.531250 0.314286 0.050000 0.047619
1 0.631250 0.314286 0.050000 0.047619
1 0.731250 0.314286 0.050000 0.047619
1 0.231250 0.400000 0.050000 0.047619
1 0.331250 0.400000 0.050000 0.047619
1 0.431250 0.400000 0.050000 0.047619
1 0.531250 0.400000 0.050000 0.047619
1 0.631250 0.400000 0.050000 0.047619
1 0.731250 0.400000 0.050000 0.047619
1 0.231250 0.485714 0.050000 0.047619
1 0.331250 0.485714 0.050000 0.047619
1 0.431250 0.485714 0.050000 0.047619
1 0.531250 0.485714 0.050000 0.047619
1 0.631250 0.485714 0.050000 0.047619
1 0.731250 0.485714 0.050000 0.047619
1 0.231250 0.571429 0.050000 0.047619
1 0.331250 0.571429 0.050000 0.047619
1 0.431250 0.571429 0.050000 0.047619
1 0.531250 0.571429 0.050000 0.047619
1 0.631250 0.571429 0.050000 0.047619
1 0.731250 0.571429 0.050000 0.047619
1 0.231250 0.657143 0.050000 0.047619
1 0.431250 0.657143 0.050000 0.047619
1 0.531250 0.657143 0.050000 0.047619
1 0.631250 0.657143 0.050000 0.047619
1 0.731250 0.657143 0.050000 0.047619
0 0.590625 0.509524 0.006250 0.047619
1 0.228125 0.814286 0.006250 0.047619
5 0.228125 0.076190 0.043750 0.038095