0 0.396875 0.909524 0.043750 0.047619
1 0.325000 0.228571 0.050000 0.047619
1 0.425000 0.228571 0.050000 0.047619
1 0.525000 0.228571 0.050000 0.047619
1 0.625000 0.228571 0.050000 0.047619
1 0.725000 0.228571 0.050000 0.047619
1 0.825000 0.228571 0.050000 0.047619
1 0.325000 0.314286 0.050000 0.047619
1 0.425000 0.314286 0.050000 0.047619
1 0.525000 0.314286 0.050000 0.047619
1 0.625000 0.314286 0.050000 0.047619
1 0.725000 0.314286 0.050000 0.047619
1 0.825000 0.314286 0.050000 0.047619
1 0.325000 0.400000 0.050000 0.047619
1 0.425000 0.400000 0.050000 0.047619
1 0.525000 0.400000 0.050000 0.047619
1 0.625000 0.400000 0.050000 0.047619
1 0.725000 0.400000 0.050000 0.047619
1 0.825000 0.400000 0.050000 0.047619
1 0.325000 0.485714 0.050000 0.047619
1 0.425000 0.485714 0.050000 0.047619
1 0.525000 0.485714 0.050000 0.047619
1 0.625000 0.485714 0.050000 0.047619
1 0.725000 0.485714 0.050000 0.047619
1 0.825000 0.485714 0.050000 0.047619
1 0.325000 0.571429 0.050000 0.047619
1 0.425000 0.571429 0.050000 0.047619
1 0.525000 0.571429 0.050000 0.047619
1 0.625000 0.571429 0.050000 0.047619
1 0.725000 0.571429 0.050000 0.047619
1 0.825000 0.571429 0.050000 0.047619
1 0.325000 0.657143 0.050000 0.047619
1 0.425000 0.657143 0.050000 0.047619
1 0.525000 0.657143 0.050000 0.047619
1 0.625000 0.657143 0.050000 0.047619
1 0.725000 0.657143 0.050000 0.047619
1 0.825000 0.657143 0.050000 0.047619
0 0.415625 0.742857 0.006250 0.047619
1 0.521875 0.814286 0.006250 0.047619
5 0.978125 0.076190 0.043750 0.038095