0 0.228125 0.909524 0.043750 0.047619
1 0.212500 0.180952 0.050000 0.047619
1 0.312500 0.180952 0.050000 0.047619
1 0.412500 0.180952 0.050000 0.047619
1 0.512500 0.180952 0.050000 0.047619
1 0.612500 0.180952 0.050000 0.047619
1 0.712500 0.180952 0.050000 0.047619
1 0.212500 0.266667 0.050000 0.047619
1 0.312500 0.266667 0.050000 0.047619
1 0.412500 0.266667 0.050000 0.047619
1 0.512500 0.266667 0.050000 0.047619
1 0.612500 0.266667 0.050000 0.047619
1 0.712500 0.266667 0.050000 0.047619
1 0.212500 0.352381 0.050000 0.047619
1 0.312500 0.352381 0.050000 0.047619
1 0.412500 0.352381 0.050000 0.047619
1 0.512500 0.352381 0.050000 0.047619
1 0.612500 0.352381 0.050000 0.047619
1 0.712500 0.352381 0.050000 0.047619
1 0.212500 0.438095 0.050000 0.047619
1 0.312500 0.438095 0.050000 0.047619
1 0.412500 0.438095 0.050000 0.047619
1 0.512500 0.438095 0.050000 0.047619
1 0.612500 0.438095 0.050000 0.047619
1 0.712500 0.438095 0.050000 0.047619
1 0.212500 0.523810 0.050000 0.047619
1 0.312500 0.523810 0.050000 0.047619
1 0.412500 0.523810 0.050000 0.047619
1 0.512500 0.523810 0.050000 0.047619
1 0.612500 0.523810 0.050000 0.047619
1 0.712500 0.523810 0.050000 0.047619
1 0.212500 0.609524 0.050000 0.047619
1 0.312500 0.609524 0.050000 0.047619
1 0.412500 0.609524 0.050000 0.047619
1 0.512500 0.609524 0.050000 0.047619
1 0.612500 0.609524 0.050000 0.047619
1 0.712500 0.609524 0.050000 0.047619
0 0.259375 0.738095 0.006250 0.047619
1 0.203125 0.766667 0.006250 0.047619